name,energy,flux
Ni08,27.089999999999996,1.3333333333333334e-06
Ni08,27.15,3.3333333333333335e-07
Ni08,27.21,3.3333333333333335e-07
Ni08,27.27,3.3333333333333333e-06
Ni08,27.33,2.666666666666667e-06
Ni08,27.39,5e-06
Ni08,27.45,7e-06
Ni08,27.509999999999998,9.666666666666667e-06
Ni08,27.57,1.7666666666666668e-05
Ni08,27.63,2.7666666666666667e-05
Ni08,27.689999999999998,3.933333333333333e-05
Ni08,27.75,5.7333333333333336e-05
Ni08,27.81,8.433333333333333e-05
Ni08,27.869999999999997,0.00011433333333333334
Ni08,27.93,0.00016466666666666667
Ni08,27.99,0.000238
Ni08,28.049999999999997,0.00031233333333333335
Ni08,28.11,0.000454
Ni08,28.17,0.0006056666666666667
Ni08,28.229999999999997,0.0008106666666666667
Ni08,28.29,0.001093
Ni08,28.35,0.001467
Ni08,28.409999999999997,0.0019116666666666668
Ni08,28.47,0.0024506666666666665
Ni08,28.53,0.0031336666666666665
Ni08,28.589999999999996,0.003977
Ni08,28.65,0.004934666666666667
Ni08,28.71,0.006155
Ni08,28.769999999999996,0.007522333333333333
Ni08,28.83,0.009033
Ni08,28.89,0.010879
Ni08,28.95,0.012773
Ni08,29.009999999999998,0.014987666666666666
Ni08,29.07,0.017317666666666665
Ni08,29.13,0.019759
Ni08,29.189999999999998,0.022453666666666667
Ni08,29.25,0.024959
Ni08,29.31,0.027691
Ni08,29.369999999999997,0.030417333333333334
Ni08,29.43,0.032816333333333336
Ni08,29.49,0.03514766666666667
Ni08,29.549999999999997,0.037116333333333335
Ni08,29.61,0.03906166666666667
Ni08,29.67,0.040282
Ni08,29.729999999999997,0.041191
Ni08,29.79,0.041933333333333336
Ni08,29.85,0.041994666666666666
Ni08,29.909999999999997,0.04142066666666667
Ni08,29.97,0.04072066666666667
Ni08,30.03,0.039433
Ni08,30.089999999999996,0.037901
Ni08,30.15,0.035874
Ni08,30.21,0.033668333333333335
Ni08,30.269999999999996,0.031236666666666666
Ni08,30.33,0.028521
Ni08,30.39,0.025791
Ni08,30.45,0.023489333333333334
Ni08,30.509999999999998,0.020624
Ni08,30.57,0.01797
Ni08,30.63,0.015777333333333334
Ni08,30.689999999999998,0.013471666666666667
Ni08,30.75,0.011291333333333334
Ni08,30.81,0.009675
Ni08,30.869999999999997,0.007912
Ni08,30.93,0.006504
Ni08,30.99,0.005247333333333333
Ni08,31.049999999999997,0.004215333333333333
Ni08,31.11,0.0033346666666666668
Ni08,31.17,0.0025873333333333334
Ni08,31.229999999999997,0.0020106666666666667
Ni08,31.29,0.0015823333333333334
Ni08,31.35,0.001159
Ni08,31.409999999999997,0.0008563333333333333
Ni08,31.47,0.0006773333333333333
Ni08,31.53,0.00047266666666666665
Ni08,31.589999999999996,0.00035833333333333333
Ni08,31.65,0.0002613333333333333
Ni08,31.71,0.00016866666666666666
Ni08,31.769999999999996,0.00012566666666666667
Ni08,31.83,8.366666666666666e-05
Ni08,31.89,5.5333333333333334e-05
Ni08,31.95,4.2e-05
Ni08,32.01,1.9e-05
Ni08,32.07,2e-05
Ni08,32.129999999999995,8.333333333333334e-06
Ni08,32.19,6.333333333333333e-06
Ni08,32.25,6.666666666666667e-06
Ni08,32.31,2e-06
Ni08,32.37,2e-06
Ni08,32.43,1e-06
Ni08,32.489999999999995,3.3333333333333335e-07
Ni08,32.55,3.3333333333333335e-07
Ni08,32.61,6.666666666666667e-07
Ni08,32.67,0.0
Ni08,32.73,0.0
Ni08,32.79,3.3333333333333335e-07
Sn08,26.97,1.3333333333333334e-06
Sn08,27.03,1.3333333333333334e-06
Sn08,27.089999999999996,2e-06
Sn08,27.15,2.333333333333333e-06
Sn08,27.21,3.6666666666666666e-06
Sn08,27.27,7.333333333333333e-06
Sn08,27.33,1.3e-05
Sn08,27.39,1.3666666666666667e-05
Sn08,27.45,1.8333333333333333e-05
Sn08,27.509999999999998,3.6666666666666666e-05
Sn08,27.57,6.0666666666666666e-05
Sn08,27.63,8.966666666666667e-05
Sn08,27.689999999999998,0.00012033333333333334
Sn08,27.75,0.000159
Sn08,27.81,0.00023
Sn08,27.869999999999997,0.0003246666666666667
Sn08,27.93,0.0004456666666666667
Sn08,27.99,0.0006166666666666666
Sn08,28.049999999999997,0.0008316666666666666
Sn08,28.11,0.00115
Sn08,28.17,0.0014863333333333334
Sn08,28.229999999999997,0.002012
Sn08,28.29,0.002608
Sn08,28.35,0.0033713333333333334
Sn08,28.409999999999997,0.004237
Sn08,28.47,0.005245666666666667
Sn08,28.53,0.006473666666666667
Sn08,28.589999999999996,0.008037
Sn08,28.65,0.009829
Sn08,28.71,0.01165
Sn08,28.769999999999996,0.013784666666666667
Sn08,28.83,0.01615166666666667
Sn08,28.89,0.018630333333333332
Sn08,28.95,0.021262666666666666
Sn08,29.009999999999998,0.024027333333333335
Sn08,29.07,0.026747
Sn08,29.13,0.029696333333333335
Sn08,29.189999999999998,0.03230366666666667
Sn08,29.25,0.034764333333333335
Sn08,29.31,0.03725033333333334
Sn08,29.369999999999997,0.039224666666666665
Sn08,29.43,0.040955
Sn08,29.49,0.04183033333333333
Sn08,29.549999999999997,0.042573
Sn08,29.61,0.042950666666666665
Sn08,29.67,0.042590666666666666
Sn08,29.729999999999997,0.042050333333333335
Sn08,29.79,0.040918333333333334
Sn08,29.85,0.039216666666666664
Sn08,29.909999999999997,0.037004666666666665
Sn08,29.97,0.03468266666666667
Sn08,30.03,0.032453666666666665
Sn08,30.089999999999996,0.029986
Sn08,30.15,0.026925
Sn08,30.21,0.024081333333333333
Sn08,30.269999999999996,0.021258333333333334
Sn08,30.33,0.018459
Sn08,30.39,0.016181666666666667
Sn08,30.45,0.013887666666666666
Sn08,30.509999999999998,0.011676666666666667
Sn08,30.57,0.009751
Sn08,30.63,0.008095666666666666
Sn08,30.689999999999998,0.006572333333333334
Sn08,30.75,0.005268666666666666
Sn08,30.81,0.004202
Sn08,30.869999999999997,0.0033213333333333333
Sn08,30.93,0.0025766666666666668
Sn08,30.99,0.001946
Sn08,31.049999999999997,0.0014943333333333334
Sn08,31.11,0.001135
Sn08,31.17,0.0008626666666666666
Sn08,31.229999999999997,0.000649
Sn08,31.29,0.00046833333333333335
Sn08,31.35,0.000318
Sn08,31.409999999999997,0.000234
Sn08,31.47,0.00016666666666666666
Sn08,31.53,0.00012
Sn08,31.589999999999996,7.6e-05
Sn08,31.65,4.6666666666666665e-05
Sn08,31.71,3.1e-05
Sn08,31.769999999999996,2.0333333333333334e-05
Sn08,31.83,1.4e-05
Sn08,31.89,1.2e-05
Sn08,31.95,6e-06
Sn08,32.01,4e-06
Sn08,32.07,2e-06
Sn08,32.129999999999995,1.3333333333333334e-06
Sn08,32.19,6.666666666666667e-07
Sn08,32.25,3.3333333333333335e-07
Sn08,32.31,3.3333333333333335e-07
Sn08,32.37,3.3333333333333335e-07
Sn08,32.43,6.666666666666667e-07
Ta08,26.67,1.3333333333333334e-06
Ta08,26.729999999999997,0.0
Ta08,26.79,1e-06
Ta08,26.85,2.333333333333333e-06
Ta08,26.909999999999997,2e-06
Ta08,26.97,5.333333333333334e-06
Ta08,27.03,7.333333333333333e-06
Ta08,27.089999999999996,8.333333333333334e-06
Ta08,27.15,1.4666666666666666e-05
Ta08,27.21,2.5666666666666666e-05
Ta08,27.27,3.633333333333333e-05
Ta08,27.33,5.8666666666666665e-05
Ta08,27.39,7.7e-05
Ta08,27.45,0.000106
Ta08,27.509999999999998,0.00015833333333333332
Ta08,27.57,0.00021833333333333335
Ta08,27.63,0.000306
Ta08,27.689999999999998,0.0004136666666666667
Ta08,27.75,0.000561
Ta08,27.81,0.0007763333333333333
Ta08,27.869999999999997,0.001024
Ta08,27.93,0.0014073333333333334
Ta08,27.99,0.0018003333333333333
Ta08,28.049999999999997,0.0023643333333333333
Ta08,28.11,0.0029593333333333333
Ta08,28.17,0.0037883333333333332
Ta08,28.229999999999997,0.004737666666666667
Ta08,28.29,0.005899666666666667
Ta08,28.35,0.007261333333333333
Ta08,28.409999999999997,0.008668333333333333
Ta08,28.47,0.010476
Ta08,28.53,0.012364666666666666
Ta08,28.589999999999996,0.014578
Ta08,28.65,0.016875333333333332
Ta08,28.71,0.019226
Ta08,28.769999999999996,0.021813
Ta08,28.83,0.024508666666666668
Ta08,28.89,0.027149
Ta08,28.95,0.029845333333333335
Ta08,29.009999999999998,0.03221
Ta08,29.07,0.034791
Ta08,29.13,0.036961666666666664
Ta08,29.189999999999998,0.038504
Ta08,29.25,0.040185
Ta08,29.31,0.04098633333333333
Ta08,29.369999999999997,0.041875
Ta08,29.43,0.041966666666666666
Ta08,29.49,0.041700666666666664
Ta08,29.549999999999997,0.04082633333333333
Ta08,29.61,0.039728
Ta08,29.67,0.03813233333333333
Ta08,29.729999999999997,0.036405
Ta08,29.79,0.03408
Ta08,29.85,0.031648666666666665
Ta08,29.909999999999997,0.029185333333333334
Ta08,29.97,0.026390666666666666
Ta08,30.03,0.023824333333333333
Ta08,30.089999999999996,0.021204666666666667
Ta08,30.15,0.018492
Ta08,30.21,0.016112333333333333
Ta08,30.269999999999996,0.013961
Ta08,30.33,0.011716666666666667
Ta08,30.39,0.010016666666666667
Ta08,30.45,0.008213333333333333
Ta08,30.509999999999998,0.0067736666666666666
Ta08,30.57,0.005515666666666667
Ta08,30.63,0.004396666666666667
Ta08,30.689999999999998,0.0034976666666666667
Ta08,30.75,0.002717666666666667
Ta08,30.81,0.002167
Ta08,30.869999999999997,0.001622
Ta08,30.93,0.001261
Ta08,30.99,0.000912
Ta08,31.049999999999997,0.000717
Ta08,31.11,0.0005133333333333333
Ta08,31.17,0.0003826666666666667
Ta08,31.229999999999997,0.000285
Ta08,31.29,0.00018833333333333332
Ta08,31.35,0.00012766666666666666
Ta08,31.409999999999997,0.000101
Ta08,31.47,5.266666666666667e-05
Ta08,31.53,5.066666666666667e-05
Ta08,31.589999999999996,2.1666666666666667e-05
Ta08,31.65,1.9e-05
Ta08,31.71,1.2333333333333333e-05
Ta08,31.769999999999996,6e-06
Ta08,31.83,8.333333333333334e-06
Ta08,31.89,1.6666666666666667e-06
Ta08,31.95,2e-06
Ta08,32.01,1e-06
Ta08,32.07,1e-06
Ta08,32.129999999999995,3.3333333333333335e-07
Ta08,32.19,3.3333333333333335e-07
Ta08,32.25,3.3333333333333335e-07
Ta08,32.31,0.0
Ta08,32.37,3.3333333333333335e-07
Cu08,26.31,1e-06
Cu08,26.369999999999997,3.3333333333333335e-07
Cu08,26.43,3.3333333333333335e-07
Cu08,26.49,2e-06
Cu08,26.549999999999997,2.333333333333333e-06
Cu08,26.61,3.3333333333333333e-06
Cu08,26.67,6.333333333333333e-06
Cu08,26.729999999999997,6.666666666666667e-06
Cu08,26.79,1.1333333333333334e-05
Cu08,26.85,1.9666666666666666e-05
Cu08,26.909999999999997,3e-05
Cu08,26.97,4.3666666666666666e-05
Cu08,27.03,6.433333333333333e-05
Cu08,27.089999999999996,8.6e-05
Cu08,27.15,0.00012333333333333334
Cu08,27.21,0.00018166666666666667
Cu08,27.27,0.00024566666666666666
Cu08,27.33,0.00033133333333333333
Cu08,27.39,0.00046833333333333335
Cu08,27.45,0.000624
Cu08,27.509999999999998,0.0008386666666666667
Cu08,27.57,0.001111
Cu08,27.63,0.0015023333333333334
Cu08,27.689999999999998,0.0019246666666666668
Cu08,27.75,0.0024913333333333332
Cu08,27.81,0.0031706666666666667
Cu08,27.869999999999997,0.003924666666666667
Cu08,27.93,0.004946
Cu08,27.99,0.006150333333333333
Cu08,28.049999999999997,0.007428
Cu08,28.11,0.008919666666666666
Cu08,28.17,0.010733666666666667
Cu08,28.229999999999997,0.012551666666666666
Cu08,28.29,0.014752333333333333
Cu08,28.35,0.017028666666666668
Cu08,28.409999999999997,0.019329
Cu08,28.47,0.021981333333333332
Cu08,28.53,0.024498333333333334
Cu08,28.589999999999996,0.027044333333333333
Cu08,28.65,0.029719666666666665
Cu08,28.71,0.03211133333333333
Cu08,28.769999999999996,0.034381
Cu08,28.83,0.036597
Cu08,28.89,0.03814633333333333
Cu08,28.95,0.0397
Cu08,29.009999999999998,0.040524
Cu08,29.07,0.041307333333333335
Cu08,29.13,0.041535666666666665
Cu08,29.189999999999998,0.04109433333333333
Cu08,29.25,0.040464
Cu08,29.31,0.039184333333333335
Cu08,29.369999999999997,0.037843666666666664
Cu08,29.43,0.03607866666666667
Cu08,29.49,0.03385833333333333
Cu08,29.549999999999997,0.031493
Cu08,29.61,0.029092
Cu08,29.67,0.026355333333333335
Cu08,29.729999999999997,0.02397
Cu08,29.79,0.021274333333333333
Cu08,29.85,0.018647
Cu08,29.909999999999997,0.016345333333333333
Cu08,29.97,0.014123
Cu08,30.03,0.011922
Cu08,30.089999999999996,0.010234666666666666
Cu08,30.15,0.008495666666666667
Cu08,30.21,0.006988333333333333
Cu08,30.269999999999996,0.005736333333333334
Cu08,30.33,0.004563
Cu08,30.39,0.003661
Cu08,30.45,0.002886333333333333
Cu08,30.509999999999998,0.002276666666666667
Cu08,30.57,0.001744
Cu08,30.63,0.001339
Cu08,30.689999999999998,0.000989
Cu08,30.75,0.0007656666666666667
Cu08,30.81,0.0005753333333333333
Cu08,30.869999999999997,0.00040733333333333333
Cu08,30.93,0.000316
Cu08,30.99,0.00021133333333333334
Cu08,31.049999999999997,0.00014266666666666667
Cu08,31.11,0.00010966666666666667
Cu08,31.17,6.733333333333333e-05
Cu08,31.229999999999997,5.4e-05
Cu08,31.29,3.1333333333333334e-05
Cu08,31.35,1.8333333333333333e-05
Cu08,31.409999999999997,1.7333333333333332e-05
Cu08,31.47,5.666666666666667e-06
Cu08,31.53,7e-06
Cu08,31.589999999999996,4.666666666666666e-06
Cu08,31.65,2e-06
Cu08,31.71,2e-06
Cu08,31.769999999999996,1e-06
Cu08,31.83,3.3333333333333335e-07
Cu08,31.89,0.0
Cu08,31.95,6.666666666666667e-07
Cu08,32.01,0.0
Cu08,32.07,3.3333333333333335e-07
Al_degrader_E2_E1,23.67,3.3333333333333335e-07
Al_degrader_E2_E1,23.729999999999997,1.1111111111111111e-07
Al_degrader_E2_E1,23.79,1.1111111111111111e-07
Al_degrader_E2_E1,23.85,2.2222222222222222e-07
Al_degrader_E2_E1,23.909999999999997,6.666666666666667e-07
Al_degrader_E2_E1,23.97,6.666666666666667e-07
Al_degrader_E2_E1,24.03,1.7777777777777777e-06
Al_degrader_E2_E1,24.089999999999996,1.4444444444444445e-06
Al_degrader_E2_E1,24.15,1.7777777777777777e-06
Al_degrader_E2_E1,24.21,3.111111111111111e-06
Al_degrader_E2_E1,24.27,6.5555555555555556e-06
Al_degrader_E2_E1,24.33,7.777777777777777e-06
Al_degrader_E2_E1,24.39,1.3e-05
Al_degrader_E2_E1,24.45,1.5555555555555555e-05
Al_degrader_E2_E1,24.509999999999998,2.0555555555555555e-05
Al_degrader_E2_E1,24.57,2.9111111111111112e-05
Al_degrader_E2_E1,24.63,4.1666666666666665e-05
Al_degrader_E2_E1,24.689999999999998,5.677777777777778e-05
Al_degrader_E2_E1,24.75,7.455555555555556e-05
Al_degrader_E2_E1,24.81,9.911111111111111e-05
Al_degrader_E2_E1,24.869999999999997,0.00013022222222222222
Al_degrader_E2_E1,24.93,0.00017911111111111112
Al_degrader_E2_E1,24.990000000000002,0.00022144444444444444
Al_degrader_E2_E1,25.049999999999997,0.00030577777777777775
Al_degrader_E2_E1,25.11,0.00037944444444444446
Al_degrader_E2_E1,25.17,0.0004871111111111111
Al_degrader_E2_E1,25.229999999999997,0.0006113333333333333
Al_degrader_E2_E1,25.29,0.0007586666666666667
Al_degrader_E2_E1,25.35,0.0009371111111111111
Al_degrader_E2_E1,25.409999999999997,0.0011426666666666666
Al_degrader_E2_E1,25.47,0.0014524444444444444
Al_degrader_E2_E1,25.53,0.0017182222222222223
Al_degrader_E2_E1,25.589999999999996,0.0020342222222222224
Al_degrader_E2_E1,25.65,0.002415111111111111
Al_degrader_E2_E1,25.71,0.0028725555555555557
Al_degrader_E2_E1,25.77,0.003345222222222222
Al_degrader_E2_E1,25.83,0.0039026666666666667
Al_degrader_E2_E1,25.89,0.0044603333333333335
Al_degrader_E2_E1,25.95,0.005087777777777778
Al_degrader_E2_E1,26.009999999999998,0.005809555555555556
Al_degrader_E2_E1,26.07,0.0064923333333333335
Al_degrader_E2_E1,26.13,0.007310777777777778
Al_degrader_E2_E1,26.189999999999998,0.008079666666666667
Al_degrader_E2_E1,26.25,0.008901555555555555
Al_degrader_E2_E1,26.31,0.009748222222222222
Al_degrader_E2_E1,26.369999999999997,0.010633444444444444
Al_degrader_E2_E1,26.43,0.011422444444444445
Al_degrader_E2_E1,26.49,0.012323444444444444
Al_degrader_E2_E1,26.549999999999997,0.013082888888888889
Al_degrader_E2_E1,26.61,0.013928777777777778
Al_degrader_E2_E1,26.67,0.01478211111111111
Al_degrader_E2_E1,26.729999999999997,0.015461333333333334
Al_degrader_E2_E1,26.79,0.016236555555555556
Al_degrader_E2_E1,26.85,0.016765555555555554
Al_degrader_E2_E1,26.909999999999997,0.01745611111111111
Al_degrader_E2_E1,26.97,0.018051
Al_degrader_E2_E1,27.03,0.018566555555555555
Al_degrader_E2_E1,27.089999999999996,0.01907311111111111
Al_degrader_E2_E1,27.15,0.01939488888888889
Al_degrader_E2_E1,27.21,0.01980588888888889
Al_degrader_E2_E1,27.27,0.020107444444444445
Al_degrader_E2_E1,27.33,0.02043711111111111
Al_degrader_E2_E1,27.39,0.020724333333333334
Al_degrader_E2_E1,27.45,0.02084611111111111
Al_degrader_E2_E1,27.509999999999998,0.02102411111111111
Al_degrader_E2_E1,27.57,0.021170222222222222
Al_degrader_E2_E1,27.63,0.021363333333333335
Al_degrader_E2_E1,27.689999999999998,0.021444444444444443
Al_degrader_E2_E1,27.75,0.021459333333333334
Al_degrader_E2_E1,27.81,0.02144722222222222
Al_degrader_E2_E1,27.869999999999997,0.021493555555555554
Al_degrader_E2_E1,27.93,0.02155311111111111
Al_degrader_E2_E1,27.99,0.021467555555555556
Al_degrader_E2_E1,28.049999999999997,0.021326222222222222
Al_degrader_E2_E1,28.11,0.021207666666666666
Al_degrader_E2_E1,28.17,0.021038666666666667
Al_degrader_E2_E1,28.229999999999997,0.02094611111111111
Al_degrader_E2_E1,28.29,0.02062088888888889
Al_degrader_E2_E1,28.35,0.020288444444444446
Al_degrader_E2_E1,28.409999999999997,0.019901666666666668
Al_degrader_E2_E1,28.47,0.019458333333333334
Al_degrader_E2_E1,28.53,0.01909411111111111
Al_degrader_E2_E1,28.589999999999996,0.018463333333333335
Al_degrader_E2_E1,28.65,0.017812111111111112
Al_degrader_E2_E1,28.71,0.01711011111111111
Al_degrader_E2_E1,28.769999999999996,0.016369666666666668
Al_degrader_E2_E1,28.83,0.015675666666666668
Al_degrader_E2_E1,28.89,0.014747666666666666
Al_degrader_E2_E1,28.95,0.013830666666666666
Al_degrader_E2_E1,29.009999999999998,0.012890555555555556
Al_degrader_E2_E1,29.07,0.011935555555555555
Al_degrader_E2_E1,29.13,0.011088777777777777
Al_degrader_E2_E1,29.189999999999998,0.01010688888888889
Al_degrader_E2_E1,29.25,0.009111
Al_degrader_E2_E1,29.31,0.008148111111111111
Al_degrader_E2_E1,29.369999999999997,0.0073004444444444445
Al_degrader_E2_E1,29.43,0.0065008888888888885
Al_degrader_E2_E1,29.49,0.005693666666666666
Al_degrader_E2_E1,29.549999999999997,0.004913
Al_degrader_E2_E1,29.61,0.0042246666666666665
Al_degrader_E2_E1,29.67,0.0036142222222222222
Al_degrader_E2_E1,29.729999999999997,0.0030416666666666665
Al_degrader_E2_E1,29.79,0.0025826666666666667
Al_degrader_E2_E1,29.85,0.002119666666666667
Al_degrader_E2_E1,29.909999999999997,0.0017267777777777778
Al_degrader_E2_E1,29.97,0.0014294444444444443
Al_degrader_E2_E1,30.03,0.0011364444444444445
Al_degrader_E2_E1,30.089999999999996,0.0009094444444444445
Al_degrader_E2_E1,30.15,0.0007041111111111111
Al_degrader_E2_E1,30.21,0.0005623333333333333
Al_degrader_E2_E1,30.269999999999996,0.0004351111111111111
Al_degrader_E2_E1,30.33,0.00032933333333333333
Al_degrader_E2_E1,30.39,0.0002438888888888889
Al_degrader_E2_E1,30.45,0.00018833333333333332
Al_degrader_E2_E1,30.509999999999998,0.000137
Al_degrader_E2_E1,30.57,0.00010522222222222222
Al_degrader_E2_E1,30.63,7.844444444444445e-05
Al_degrader_E2_E1,30.689999999999998,5.266666666666667e-05
Al_degrader_E2_E1,30.75,3.444444444444445e-05
Al_degrader_E2_E1,30.81,2.711111111111111e-05
Al_degrader_E2_E1,30.869999999999997,1.8777777777777777e-05
Al_degrader_E2_E1,30.93,1.3555555555555555e-05
Al_degrader_E2_E1,30.99,9.11111111111111e-06
Al_degrader_E2_E1,31.049999999999997,4.555555555555555e-06
Al_degrader_E2_E1,31.11,4e-06
Al_degrader_E2_E1,31.17,1.3333333333333334e-06
Al_degrader_E2_E1,31.229999999999997,1.8888888888888888e-06
Al_degrader_E2_E1,31.29,1.4444444444444445e-06
Al_degrader_E2_E1,31.35,5.555555555555555e-07
Al_degrader_E2_E1,31.409999999999997,5.555555555555555e-07
Al_degrader_E2_E1,31.47,0.0
Al_degrader_E2_E1,31.53,3.3333333333333335e-07
Al_degrader_E2_E1,31.589999999999996,0.0
Al_degrader_E2_E1,31.65,1.1111111111111111e-07
Al_degrader_E2_E1,31.71,0.0
Al_degrader_E2_E1,31.769999999999996,1.1111111111111111e-07
Ni09,23.25,3.3333333333333335e-07
Ni09,23.31,1e-06
Ni09,23.369999999999997,3.3333333333333335e-07
Ni09,23.43,3.3333333333333335e-07
Ni09,23.490000000000002,3e-06
Ni09,23.549999999999997,1.3333333333333334e-06
Ni09,23.61,3e-06
Ni09,23.67,6.333333333333333e-06
Ni09,23.729999999999997,7.333333333333333e-06
Ni09,23.79,1.0666666666666667e-05
Ni09,23.85,1.7333333333333332e-05
Ni09,23.909999999999997,2.6333333333333334e-05
Ni09,23.97,3.6e-05
Ni09,24.03,4.966666666666667e-05
Ni09,24.089999999999996,7.3e-05
Ni09,24.15,8.666666666666667e-05
Ni09,24.21,0.000132
Ni09,24.27,0.00018033333333333334
Ni09,24.33,0.000235
Ni09,24.39,0.00031433333333333335
Ni09,24.45,0.00043033333333333335
Ni09,24.509999999999998,0.0005696666666666667
Ni09,24.57,0.0007273333333333333
Ni09,24.63,0.000958
Ni09,24.689999999999998,0.0012576666666666667
Ni09,24.75,0.001597
Ni09,24.81,0.001999
Ni09,24.869999999999997,0.0025006666666666667
Ni09,24.93,0.003122666666666667
Ni09,24.990000000000002,0.003802
Ni09,25.049999999999997,0.004691333333333333
Ni09,25.11,0.005692
Ni09,25.17,0.006808666666666667
Ni09,25.229999999999997,0.008022333333333333
Ni09,25.29,0.009555
Ni09,25.35,0.011072333333333333
Ni09,25.409999999999997,0.012696
Ni09,25.47,0.014734666666666667
Ni09,25.53,0.016703
Ni09,25.589999999999996,0.018636333333333335
Ni09,25.65,0.020908666666666666
Ni09,25.71,0.023021666666666666
Ni09,25.77,0.025241666666666666
Ni09,25.83,0.027494666666666667
Ni09,25.89,0.029486666666666668
Ni09,25.95,0.0314
Ni09,26.009999999999998,0.03337066666666667
Ni09,26.07,0.034598666666666666
Ni09,26.13,0.03609433333333333
Ni09,26.189999999999998,0.03709066666666667
Ni09,26.25,0.03767
Ni09,26.31,0.03819
Ni09,26.369999999999997,0.038244
Ni09,26.43,0.03759966666666667
Ni09,26.49,0.037096
Ni09,26.549999999999997,0.036011
Ni09,26.61,0.034858
Ni09,26.67,0.033329
Ni09,26.729999999999997,0.031518
Ni09,26.79,0.029511666666666665
Ni09,26.85,0.027516333333333334
Ni09,26.909999999999997,0.025117333333333332
Ni09,26.97,0.022986
Ni09,27.03,0.021050666666666665
Ni09,27.089999999999996,0.018606
Ni09,27.15,0.016448666666666667
Ni09,27.21,0.014615666666666667
Ni09,27.27,0.012609
Ni09,27.33,0.010858666666666668
Ni09,27.39,0.009364333333333334
Ni09,27.45,0.007897666666666667
Ni09,27.509999999999998,0.006613333333333333
Ni09,27.57,0.005484333333333333
Ni09,27.63,0.004484
Ni09,27.689999999999998,0.003677
Ni09,27.75,0.0029473333333333335
Ni09,27.81,0.002335666666666667
Ni09,27.869999999999997,0.0018653333333333334
Ni09,27.93,0.0014816666666666667
Ni09,27.99,0.0011373333333333333
Ni09,28.049999999999997,0.000846
Ni09,28.11,0.000688
Ni09,28.17,0.0005126666666666667
Ni09,28.229999999999997,0.0003716666666666667
Ni09,28.29,0.00029633333333333334
Ni09,28.35,0.00020433333333333333
Ni09,28.409999999999997,0.00014266666666666667
Ni09,28.47,0.00010933333333333334
Ni09,28.53,7.6e-05
Ni09,28.589999999999996,5e-05
Ni09,28.65,4.1666666666666665e-05
Ni09,28.71,1.8333333333333333e-05
Ni09,28.769999999999996,1.8e-05
Ni09,28.83,1.1333333333333334e-05
Ni09,28.89,6e-06
Ni09,28.95,7e-06
Ni09,29.009999999999998,3.3333333333333333e-06
Ni09,29.07,1.3333333333333334e-06
Ni09,29.13,2e-06
Ni09,29.189999999999998,6.666666666666667e-07
Ni09,29.25,6.666666666666667e-07
Ni09,29.31,0.0
Ni09,29.369999999999997,6.666666666666667e-07
Ni09,29.43,0.0
Ni09,29.49,0.0
Ni09,29.549999999999997,3.3333333333333335e-07
Sn09,23.189999999999998,1.6666666666666667e-06
Sn09,23.25,1.3333333333333334e-06
Sn09,23.31,2e-06
Sn09,23.369999999999997,2e-06
Sn09,23.43,3.3333333333333333e-06
Sn09,23.490000000000002,6e-06
Sn09,23.549999999999997,7.666666666666667e-06
Sn09,23.61,1.1e-05
Sn09,23.67,1.6e-05
Sn09,23.729999999999997,2.4333333333333333e-05
Sn09,23.79,3.866666666666667e-05
Sn09,23.85,5.7333333333333336e-05
Sn09,23.909999999999997,8.3e-05
Sn09,23.97,0.00010766666666666666
Sn09,24.03,0.000139
Sn09,24.089999999999996,0.00018766666666666666
Sn09,24.15,0.0002503333333333333
Sn09,24.21,0.000349
Sn09,24.27,0.000456
Sn09,24.33,0.0006196666666666667
Sn09,24.39,0.000814
Sn09,24.45,0.001068
Sn09,24.509999999999998,0.0013593333333333333
Sn09,24.57,0.001776
Sn09,24.63,0.0022496666666666667
Sn09,24.689999999999998,0.002848
Sn09,24.75,0.003522
Sn09,24.81,0.004256333333333333
Sn09,24.869999999999997,0.005189
Sn09,24.93,0.006255666666666666
Sn09,24.990000000000002,0.0076233333333333335
Sn09,25.049999999999997,0.009093666666666667
Sn09,25.11,0.010611666666666667
Sn09,25.17,0.012321333333333333
Sn09,25.229999999999997,0.014219333333333334
Sn09,25.29,0.016267666666666666
Sn09,25.35,0.018375
Sn09,25.409999999999997,0.020562333333333332
Sn09,25.47,0.022829333333333333
Sn09,25.53,0.025176333333333332
Sn09,25.589999999999996,0.027457666666666665
Sn09,25.65,0.029633333333333334
Sn09,25.71,0.03165366666666666
Sn09,25.77,0.03367133333333333
Sn09,25.83,0.03537233333333333
Sn09,25.89,0.036798333333333336
Sn09,25.95,0.037685333333333335
Sn09,26.009999999999998,0.03850233333333333
Sn09,26.07,0.038698
Sn09,26.13,0.03895966666666666
Sn09,26.189999999999998,0.038519333333333336
Sn09,26.25,0.037975
Sn09,26.31,0.03698166666666667
Sn09,26.369999999999997,0.035598
Sn09,26.43,0.03369933333333333
Sn09,26.49,0.031815666666666666
Sn09,26.549999999999997,0.030004
Sn09,26.61,0.027991
Sn09,26.67,0.025642333333333333
Sn09,26.729999999999997,0.023165333333333333
Sn09,26.79,0.020808
Sn09,26.85,0.018515
Sn09,26.909999999999997,0.016323333333333332
Sn09,26.97,0.014412333333333333
Sn09,27.03,0.012562666666666666
Sn09,27.089999999999996,0.010660666666666667
Sn09,27.15,0.009102333333333334
Sn09,27.21,0.007657
Sn09,27.27,0.006375
Sn09,27.33,0.00524
Sn09,27.39,0.004240333333333333
Sn09,27.45,0.003464333333333333
Sn09,27.509999999999998,0.0027606666666666665
Sn09,27.57,0.002191666666666667
Sn09,27.63,0.001692
Sn09,27.689999999999998,0.0013093333333333334
Sn09,27.75,0.001037
Sn09,27.81,0.000801
Sn09,27.869999999999997,0.0006153333333333333
Sn09,27.93,0.000464
Sn09,27.99,0.00033066666666666666
Sn09,28.049999999999997,0.00023766666666666668
Sn09,28.11,0.000179
Sn09,28.17,0.00013466666666666667
Sn09,28.229999999999997,9.6e-05
Sn09,28.29,5.7333333333333336e-05
Sn09,28.35,4.066666666666667e-05
Sn09,28.409999999999997,2.7e-05
Sn09,28.47,1.8e-05
Sn09,28.53,1.3e-05
Sn09,28.589999999999996,1.1666666666666666e-05
Sn09,28.65,6.666666666666667e-06
Sn09,28.71,3.3333333333333333e-06
Sn09,28.769999999999996,3e-06
Sn09,28.83,1e-06
Sn09,28.89,6.666666666666667e-07
Sn09,28.95,6.666666666666667e-07
Sn09,29.009999999999998,6.666666666666667e-07
Sn09,29.07,0.0
Sn09,29.13,6.666666666666667e-07
Sn09,29.189999999999998,3.3333333333333335e-07
Ta09,22.83,1.3333333333333334e-06
Ta09,22.89,0.0
Ta09,22.95,3.3333333333333335e-07
Ta09,23.009999999999998,2.333333333333333e-06
Ta09,23.07,1.6666666666666667e-06
Ta09,23.13,2.333333333333333e-06
Ta09,23.189999999999998,7e-06
Ta09,23.25,5.666666666666667e-06
Ta09,23.31,8.333333333333334e-06
Ta09,23.369999999999997,1.2666666666666667e-05
Ta09,23.43,2.1e-05
Ta09,23.490000000000002,2.8666666666666668e-05
Ta09,23.549999999999997,4.6666666666666665e-05
Ta09,23.61,6e-05
Ta09,23.67,8.166666666666667e-05
Ta09,23.729999999999997,0.000112
Ta09,23.79,0.00015333333333333334
Ta09,23.85,0.000205
Ta09,23.909999999999997,0.0002776666666666667
Ta09,23.97,0.000363
Ta09,24.03,0.000479
Ta09,24.089999999999996,0.0006436666666666666
Ta09,24.15,0.0008313333333333333
Ta09,24.21,0.0010633333333333332
Ta09,24.27,0.0013943333333333334
Ta09,24.33,0.0017733333333333334
Ta09,24.39,0.0022456666666666666
Ta09,24.45,0.002729333333333333
Ta09,24.509999999999998,0.0033933333333333333
Ta09,24.57,0.004186
Ta09,24.63,0.005089
Ta09,24.689999999999998,0.006134666666666667
Ta09,24.75,0.007271666666666667
Ta09,24.81,0.008605
Ta09,24.869999999999997,0.010162
Ta09,24.93,0.011665666666666666
Ta09,24.990000000000002,0.013553
Ta09,25.049999999999997,0.015436
Ta09,25.11,0.017394333333333335
Ta09,25.17,0.019458666666666666
Ta09,25.229999999999997,0.021714
Ta09,25.29,0.02379
Ta09,25.35,0.026024666666666668
Ta09,25.409999999999997,0.028143
Ta09,25.47,0.030125
Ta09,25.53,0.032127666666666665
Ta09,25.589999999999996,0.03378433333333333
Ta09,25.65,0.03509533333333333
Ta09,25.71,0.03641766666666667
Ta09,25.77,0.037054
Ta09,25.83,0.037866666666666667
Ta09,25.89,0.03806366666666667
Ta09,25.95,0.037859
Ta09,26.009999999999998,0.037464333333333336
Ta09,26.07,0.03655233333333333
Ta09,26.13,0.03561466666666667
Ta09,26.189999999999998,0.034113333333333336
Ta09,26.25,0.032670333333333336
Ta09,26.31,0.030677666666666666
Ta09,26.369999999999997,0.028755333333333334
Ta09,26.43,0.026657
Ta09,26.49,0.024417666666666667
Ta09,26.549999999999997,0.022290666666666667
Ta09,26.61,0.020053333333333333
Ta09,26.67,0.01796033333333333
Ta09,26.729999999999997,0.015744
Ta09,26.79,0.013895333333333334
Ta09,26.85,0.012017333333333333
Ta09,26.909999999999997,0.010381666666666668
Ta09,26.97,0.008911333333333334
Ta09,27.03,0.0074466666666666665
Ta09,27.089999999999996,0.006249333333333333
Ta09,27.15,0.005195
Ta09,27.21,0.004188666666666667
Ta09,27.27,0.0034676666666666666
Ta09,27.33,0.0027433333333333333
Ta09,27.39,0.0022053333333333335
Ta09,27.45,0.001739
Ta09,27.509999999999998,0.001363
Ta09,27.57,0.001084
Ta09,27.63,0.0007923333333333334
Ta09,27.689999999999998,0.000635
Ta09,27.75,0.0004696666666666667
Ta09,27.81,0.0003643333333333333
Ta09,27.869999999999997,0.000272
Ta09,27.93,0.00018666666666666666
Ta09,27.99,0.000134
Ta09,28.049999999999997,0.00010133333333333333
Ta09,28.11,6.966666666666666e-05
Ta09,28.17,4.9e-05
Ta09,28.229999999999997,3.6666666666666666e-05
Ta09,28.29,1.5333333333333334e-05
Ta09,28.35,1.8333333333333333e-05
Ta09,28.409999999999997,1.1e-05
Ta09,28.47,5.333333333333334e-06
Ta09,28.53,7.666666666666667e-06
Ta09,28.589999999999996,2.333333333333333e-06
Ta09,28.65,1.6666666666666667e-06
Ta09,28.71,1.6666666666666667e-06
Ta09,28.769999999999996,3.3333333333333335e-07
Ta09,28.83,1e-06
Ta09,28.89,0.0
Ta09,28.95,6.666666666666667e-07
Ta09,29.009999999999998,0.0
Ta09,29.07,0.0
Ta09,29.13,3.3333333333333335e-07
Cu09,22.47,1.3333333333333334e-06
Cu09,22.53,0.0
Cu09,22.589999999999996,6.666666666666667e-07
Cu09,22.65,2.666666666666667e-06
Cu09,22.71,1.3333333333333334e-06
Cu09,22.77,3.3333333333333333e-06
Cu09,22.83,6.333333333333333e-06
Cu09,22.89,5.666666666666667e-06
Cu09,22.95,8.666666666666666e-06
Cu09,23.009999999999998,1.3e-05
Cu09,23.07,2.4e-05
Cu09,23.13,2.9333333333333333e-05
Cu09,23.189999999999998,4.4e-05
Cu09,23.25,6.2e-05
Cu09,23.31,7.833333333333333e-05
Cu09,23.369999999999997,0.000112
Cu09,23.43,0.00015066666666666668
Cu09,23.490000000000002,0.00020433333333333333
Cu09,23.549999999999997,0.0002686666666666667
Cu09,23.61,0.000356
Cu09,23.67,0.00047266666666666665
Cu09,23.729999999999997,0.0006273333333333334
Cu09,23.79,0.0007903333333333333
Cu09,23.85,0.0010373333333333332
Cu09,23.909999999999997,0.0013483333333333333
Cu09,23.97,0.0016966666666666666
Cu09,24.03,0.002109666666666667
Cu09,24.089999999999996,0.0026293333333333333
Cu09,24.15,0.0032533333333333333
Cu09,24.21,0.003948333333333333
Cu09,24.27,0.0048133333333333335
Cu09,24.33,0.005858
Cu09,24.39,0.006908
Cu09,24.45,0.008132
Cu09,24.509999999999998,0.009596333333333333
Cu09,24.57,0.011102666666666667
Cu09,24.63,0.012783333333333334
Cu09,24.689999999999998,0.014661333333333334
Cu09,24.75,0.016526333333333334
Cu09,24.81,0.018469666666666665
Cu09,24.869999999999997,0.020707333333333335
Cu09,24.93,0.02271
Cu09,24.990000000000002,0.024788
Cu09,25.049999999999997,0.026985666666666668
Cu09,25.11,0.028947333333333332
Cu09,25.17,0.030814
Cu09,25.229999999999997,0.03271966666666667
Cu09,25.29,0.03385766666666667
Cu09,25.35,0.035452333333333336
Cu09,25.409999999999997,0.036339333333333335
Cu09,25.47,0.036963666666666666
Cu09,25.53,0.037462666666666665
Cu09,25.589999999999996,0.037526
Cu09,25.65,0.037164333333333334
Cu09,25.71,0.036625
Cu09,25.77,0.035565
Cu09,25.83,0.03452433333333333
Cu09,25.89,0.03315033333333333
Cu09,25.95,0.03146533333333333
Cu09,26.009999999999998,0.029606
Cu09,26.07,0.027654333333333333
Cu09,26.13,0.025375333333333333
Cu09,26.189999999999998,0.023348666666666667
Cu09,26.25,0.021273333333333335
Cu09,26.31,0.019104333333333334
Cu09,26.369999999999997,0.016963
Cu09,26.43,0.014983333333333333
Cu09,26.49,0.013262
Cu09,26.549999999999997,0.011345333333333334
Cu09,26.61,0.009849666666666666
Cu09,26.67,0.008456333333333333
Cu09,26.729999999999997,0.007013
Cu09,26.79,0.005927333333333333
Cu09,26.85,0.004911
Cu09,26.909999999999997,0.003997666666666667
Cu09,26.97,0.003269
Cu09,27.03,0.002605333333333333
Cu09,27.089999999999996,0.002117
Cu09,27.15,0.00164
Cu09,27.21,0.0013123333333333333
Cu09,27.27,0.0010196666666666668
Cu09,27.33,0.0007633333333333333
Cu09,27.39,0.0006116666666666667
Cu09,27.45,0.0004493333333333333
Cu09,27.509999999999998,0.00034666666666666667
Cu09,27.57,0.0002626666666666667
Cu09,27.63,0.000182
Cu09,27.689999999999998,0.00012866666666666666
Cu09,27.75,9.9e-05
Cu09,27.81,6.833333333333333e-05
Cu09,27.869999999999997,4.7333333333333336e-05
Cu09,27.93,3.733333333333333e-05
Cu09,27.99,1.5333333333333334e-05
Cu09,28.049999999999997,1.8333333333333333e-05
Cu09,28.11,9.666666666666667e-06
Cu09,28.17,6e-06
Cu09,28.229999999999997,7.333333333333333e-06
Cu09,28.29,2.666666666666667e-06
Cu09,28.35,1.3333333333333334e-06
Cu09,28.409999999999997,2e-06
Cu09,28.47,3.3333333333333335e-07
Cu09,28.53,1e-06
Cu09,28.589999999999996,0.0
Cu09,28.65,6.666666666666667e-07
Cu09,28.71,0.0
Cu09,28.769999999999996,0.0
Cu09,28.83,3.3333333333333335e-07
Al_degrader_E4_E3,19.409999999999997,3.6363636363636366e-07
Al_degrader_E4_E3,19.47,0.0
Al_degrader_E4_E3,19.53,9.090909090909091e-08
Al_degrader_E4_E3,19.59,9.090909090909091e-08
Al_degrader_E4_E3,19.65,4.545454545454545e-07
Al_degrader_E4_E3,19.71,6.363636363636364e-07
Al_degrader_E4_E3,19.77,8.181818181818182e-07
Al_degrader_E4_E3,19.83,1.090909090909091e-06
Al_degrader_E4_E3,19.89,1.090909090909091e-06
Al_degrader_E4_E3,19.95,1.6363636363636365e-06
Al_degrader_E4_E3,20.009999999999998,2.0909090909090907e-06
Al_degrader_E4_E3,20.07,5.090909090909091e-06
Al_degrader_E4_E3,20.13,5.8181818181818185e-06
Al_degrader_E4_E3,20.189999999999998,7.636363636363636e-06
Al_degrader_E4_E3,20.25,9.818181818181818e-06
Al_degrader_E4_E3,20.31,1.2636363636363636e-05
Al_degrader_E4_E3,20.369999999999997,1.718181818181818e-05
Al_degrader_E4_E3,20.43,2.3454545454545456e-05
Al_degrader_E4_E3,20.490000000000002,2.8727272727272726e-05
Al_degrader_E4_E3,20.549999999999997,4.018181818181818e-05
Al_degrader_E4_E3,20.61,5.1181818181818185e-05
Al_degrader_E4_E3,20.67,6.472727272727272e-05
Al_degrader_E4_E3,20.729999999999997,8.863636363636364e-05
Al_degrader_E4_E3,20.79,0.00010863636363636364
Al_degrader_E4_E3,20.85,0.00014336363636363638
Al_degrader_E4_E3,20.909999999999997,0.00017036363636363636
Al_degrader_E4_E3,20.97,0.00022872727272727273
Al_degrader_E4_E3,21.03,0.00028118181818181817
Al_degrader_E4_E3,21.089999999999996,0.000351
Al_degrader_E4_E3,21.15,0.000436
Al_degrader_E4_E3,21.21,0.0005078181818181819
Al_degrader_E4_E3,21.27,0.0006370909090909091
Al_degrader_E4_E3,21.33,0.0007707272727272728
Al_degrader_E4_E3,21.39,0.000922
Al_degrader_E4_E3,21.45,0.0011241818181818182
Al_degrader_E4_E3,21.509999999999998,0.0013067272727272728
Al_degrader_E4_E3,21.57,0.0015464545454545455
Al_degrader_E4_E3,21.63,0.0018128181818181817
Al_degrader_E4_E3,21.689999999999998,0.0021087272727272725
Al_degrader_E4_E3,21.75,0.002462818181818182
Al_degrader_E4_E3,21.81,0.0028040909090909093
Al_degrader_E4_E3,21.869999999999997,0.003212727272727273
Al_degrader_E4_E3,21.93,0.003651
Al_degrader_E4_E3,21.990000000000002,0.004111454545454546
Al_degrader_E4_E3,22.049999999999997,0.004665727272727273
Al_degrader_E4_E3,22.11,0.005180636363636364
Al_degrader_E4_E3,22.17,0.005739363636363636
Al_degrader_E4_E3,22.229999999999997,0.006334818181818182
Al_degrader_E4_E3,22.29,0.006993363636363636
Al_degrader_E4_E3,22.35,0.007662181818181818
Al_degrader_E4_E3,22.409999999999997,0.008297272727272728
Al_degrader_E4_E3,22.47,0.008990727272727273
Al_degrader_E4_E3,22.53,0.009600636363636363
Al_degrader_E4_E3,22.589999999999996,0.010373454545454545
Al_degrader_E4_E3,22.65,0.011030636363636364
Al_degrader_E4_E3,22.71,0.011719272727272727
Al_degrader_E4_E3,22.77,0.01234509090909091
Al_degrader_E4_E3,22.83,0.01297490909090909
Al_degrader_E4_E3,22.89,0.013653272727272727
Al_degrader_E4_E3,22.95,0.014256545454545454
Al_degrader_E4_E3,23.009999999999998,0.014778
Al_degrader_E4_E3,23.07,0.015277454545454545
Al_degrader_E4_E3,23.13,0.01578272727272727
Al_degrader_E4_E3,23.189999999999998,0.016371545454545455
Al_degrader_E4_E3,23.25,0.016767727272727274
Al_degrader_E4_E3,23.31,0.017120454545454546
Al_degrader_E4_E3,23.369999999999997,0.01742609090909091
Al_degrader_E4_E3,23.43,0.01783118181818182
Al_degrader_E4_E3,23.490000000000002,0.018173636363636364
Al_degrader_E4_E3,23.549999999999997,0.018381727272727272
Al_degrader_E4_E3,23.61,0.018590363636363638
Al_degrader_E4_E3,23.67,0.018800272727272728
Al_degrader_E4_E3,23.729999999999997,0.019017454545454546
Al_degrader_E4_E3,23.79,0.019208
Al_degrader_E4_E3,23.85,0.019268818181818182
Al_degrader_E4_E3,23.909999999999997,0.019350636363636365
Al_degrader_E4_E3,23.97,0.01947009090909091
Al_degrader_E4_E3,24.03,0.019619454545454544
Al_degrader_E4_E3,24.089999999999996,0.019571181818181817
Al_degrader_E4_E3,24.15,0.01960209090909091
Al_degrader_E4_E3,24.21,0.019541909090909092
Al_degrader_E4_E3,24.27,0.019613454545454545
Al_degrader_E4_E3,24.33,0.019599363636363637
Al_degrader_E4_E3,24.39,0.019407
Al_degrader_E4_E3,24.45,0.019315727272727273
Al_degrader_E4_E3,24.509999999999998,0.019185818181818182
Al_degrader_E4_E3,24.57,0.019066
Al_degrader_E4_E3,24.63,0.018789454545454547
Al_degrader_E4_E3,24.689999999999998,0.01853727272727273
Al_degrader_E4_E3,24.75,0.01820218181818182
Al_degrader_E4_E3,24.81,0.017927454545454545
Al_degrader_E4_E3,24.869999999999997,0.017556181818181818
Al_degrader_E4_E3,24.93,0.01701009090909091
Al_degrader_E4_E3,24.990000000000002,0.016545727272727274
Al_degrader_E4_E3,25.049999999999997,0.016035454545454547
Al_degrader_E4_E3,25.11,0.015474181818181817
Al_degrader_E4_E3,25.17,0.014794454545454545
Al_degrader_E4_E3,25.229999999999997,0.014153727272727273
Al_degrader_E4_E3,25.29,0.013381818181818182
Al_degrader_E4_E3,25.35,0.01273890909090909
Al_degrader_E4_E3,25.409999999999997,0.011932545454545454
Al_degrader_E4_E3,25.47,0.011138727272727272
Al_degrader_E4_E3,25.53,0.010331454545454545
Al_degrader_E4_E3,25.589999999999996,0.00960290909090909
Al_degrader_E4_E3,25.65,0.008823
Al_degrader_E4_E3,25.71,0.007980545454545454
Al_degrader_E4_E3,25.77,0.007245545454545454
Al_degrader_E4_E3,25.83,0.006547
Al_degrader_E4_E3,25.89,0.005843454545454546
Al_degrader_E4_E3,25.95,0.005184545454545455
Al_degrader_E4_E3,26.009999999999998,0.004583545454545455
Al_degrader_E4_E3,26.07,0.004003545454545455
Al_degrader_E4_E3,26.13,0.0034403636363636364
Al_degrader_E4_E3,26.189999999999998,0.002969
Al_degrader_E4_E3,26.25,0.0025413636363636363
Al_degrader_E4_E3,26.31,0.002176909090909091
Al_degrader_E4_E3,26.369999999999997,0.0018148181818181818
Al_degrader_E4_E3,26.43,0.0015119090909090909
Al_degrader_E4_E3,26.49,0.001247909090909091
Al_degrader_E4_E3,26.549999999999997,0.0010362727272727273
Al_degrader_E4_E3,26.61,0.0008327272727272727
Al_degrader_E4_E3,26.67,0.0006788181818181818
Al_degrader_E4_E3,26.729999999999997,0.0005287272727272727
Al_degrader_E4_E3,26.79,0.00043563636363636363
Al_degrader_E4_E3,26.85,0.00033163636363636365
Al_degrader_E4_E3,26.909999999999997,0.00026345454545454545
Al_degrader_E4_E3,26.97,0.00020172727272727272
Al_degrader_E4_E3,27.03,0.0001569090909090909
Al_degrader_E4_E3,27.089999999999996,0.0001189090909090909
Al_degrader_E4_E3,27.15,8.8e-05
Al_degrader_E4_E3,27.21,7.063636363636363e-05
Al_degrader_E4_E3,27.27,5.0545454545454544e-05
Al_degrader_E4_E3,27.33,3.454545454545455e-05
Al_degrader_E4_E3,27.39,2.590909090909091e-05
Al_degrader_E4_E3,27.45,1.9454545454545453e-05
Al_degrader_E4_E3,27.509999999999998,1.4e-05
Al_degrader_E4_E3,27.57,9e-06
Al_degrader_E4_E3,27.63,6.272727272727273e-06
Al_degrader_E4_E3,27.689999999999998,4.363636363636364e-06
Al_degrader_E4_E3,27.75,3.090909090909091e-06
Al_degrader_E4_E3,27.81,1.5454545454545454e-06
Al_degrader_E4_E3,27.869999999999997,1.2727272727272728e-06
Al_degrader_E4_E3,27.93,1.4545454545454546e-06
Al_degrader_E4_E3,27.99,4.545454545454545e-07
Al_degrader_E4_E3,28.049999999999997,3.6363636363636366e-07
Al_degrader_E4_E3,28.11,3.6363636363636366e-07
Al_degrader_E4_E3,28.17,9.090909090909091e-08
Al_degrader_E4_E3,28.229999999999997,9.090909090909091e-08
Al_degrader_E4_E3,28.29,9.090909090909091e-08
Al_degrader_E4_E3,28.35,9.090909090909091e-08
Al_degrader_E4_E3,28.409999999999997,0.0
Al_degrader_E4_E3,28.47,0.0
Al_degrader_E4_E3,28.53,9.090909090909091e-08
Ni10,18.93,1.3333333333333334e-06
Ni10,18.990000000000002,0.0
Ni10,19.049999999999997,3.3333333333333335e-07
Ni10,19.11,3.3333333333333335e-07
Ni10,19.17,3e-06
Ni10,19.229999999999997,1.3333333333333334e-06
Ni10,19.29,2.666666666666667e-06
Ni10,19.35,4e-06
Ni10,19.409999999999997,6.666666666666667e-06
Ni10,19.47,5e-06
Ni10,19.53,9.333333333333333e-06
Ni10,19.59,1.5666666666666667e-05
Ni10,19.65,2.2333333333333332e-05
Ni10,19.71,2.5e-05
Ni10,19.77,3.766666666666667e-05
Ni10,19.83,5.1e-05
Ni10,19.89,6.666666666666667e-05
Ni10,19.95,7.866666666666666e-05
Ni10,20.009999999999998,0.00011233333333333333
Ni10,20.07,0.000152
Ni10,20.13,0.00019633333333333333
Ni10,20.189999999999998,0.00023733333333333335
Ni10,20.25,0.00031466666666666665
Ni10,20.31,0.00039966666666666666
Ni10,20.369999999999997,0.00052
Ni10,20.43,0.0006456666666666667
Ni10,20.490000000000002,0.0007943333333333333
Ni10,20.549999999999997,0.001051
Ni10,20.61,0.0012656666666666667
Ni10,20.67,0.0015543333333333333
Ni10,20.729999999999997,0.001917
Ni10,20.79,0.0023206666666666666
Ni10,20.85,0.002782
Ni10,20.909999999999997,0.003299
Ni10,20.97,0.003987666666666666
Ni10,21.03,0.004765333333333333
Ni10,21.089999999999996,0.005554
Ni10,21.15,0.006425666666666666
Ni10,21.21,0.007437333333333333
Ni10,21.27,0.008644333333333334
Ni10,21.33,0.009834
Ni10,21.39,0.011129666666666666
Ni10,21.45,0.012619333333333333
Ni10,21.509999999999998,0.014106666666666667
Ni10,21.57,0.015653
Ni10,21.63,0.017361666666666668
Ni10,21.689999999999998,0.018971333333333333
Ni10,21.75,0.020706333333333334
Ni10,21.81,0.022384
Ni10,21.869999999999997,0.024143333333333333
Ni10,21.93,0.025700666666666667
Ni10,21.990000000000002,0.027176666666666665
Ni10,22.049999999999997,0.028763666666666667
Ni10,22.11,0.029805333333333333
Ni10,22.17,0.031206333333333332
Ni10,22.229999999999997,0.032019
Ni10,22.29,0.03288733333333333
Ni10,22.35,0.033143
Ni10,22.409999999999997,0.03368533333333333
Ni10,22.47,0.033744333333333335
Ni10,22.53,0.033453333333333335
Ni10,22.589999999999996,0.033081
Ni10,22.65,0.032357666666666667
Ni10,22.71,0.031615333333333336
Ni10,22.77,0.030506333333333333
Ni10,22.83,0.029350333333333332
Ni10,22.89,0.027888
Ni10,22.95,0.026417333333333334
Ni10,23.009999999999998,0.02487433333333333
Ni10,23.07,0.022996
Ni10,23.13,0.021316333333333333
Ni10,23.189999999999998,0.019644666666666668
Ni10,23.25,0.017997666666666665
Ni10,23.31,0.016182333333333333
Ni10,23.369999999999997,0.014389333333333334
Ni10,23.43,0.013044
Ni10,23.490000000000002,0.011474333333333333
Ni10,23.549999999999997,0.009993
Ni10,23.61,0.008784
Ni10,23.67,0.007669666666666667
Ni10,23.729999999999997,0.006493666666666667
Ni10,23.79,0.005535333333333333
Ni10,23.85,0.004699666666666667
Ni10,23.909999999999997,0.0038973333333333334
Ni10,23.97,0.0032693333333333333
Ni10,24.03,0.0026966666666666667
Ni10,24.089999999999996,0.0021856666666666665
Ni10,24.15,0.0018026666666666666
Ni10,24.21,0.0014603333333333332
Ni10,24.27,0.0011543333333333334
Ni10,24.33,0.000925
Ni10,24.39,0.000699
Ni10,24.45,0.0006003333333333334
Ni10,24.509999999999998,0.00044533333333333333
Ni10,24.57,0.00033466666666666665
Ni10,24.63,0.000271
Ni10,24.689999999999998,0.00020566666666666666
Ni10,24.75,0.000139
Ni10,24.81,0.000115
Ni10,24.869999999999997,8.1e-05
Ni10,24.93,5.933333333333334e-05
Ni10,24.990000000000002,4.7e-05
Ni10,25.049999999999997,3.1666666666666666e-05
Ni10,25.11,1.633333333333333e-05
Ni10,25.17,1.6666666666666667e-05
Ni10,25.229999999999997,1.2e-05
Ni10,25.29,5e-06
Ni10,25.35,5.333333333333334e-06
Ni10,25.409999999999997,5.666666666666667e-06
Ni10,25.47,1.6666666666666667e-06
Ni10,25.53,1.3333333333333334e-06
Ni10,25.589999999999996,1.3333333333333334e-06
Ni10,25.65,6.666666666666667e-07
Ni10,25.71,6.666666666666667e-07
Ni10,25.77,0.0
Ni10,25.83,6.666666666666667e-07
Ni10,25.89,0.0
Ni10,25.95,0.0
Ni10,26.009999999999998,3.3333333333333335e-07
Sn10,18.75,3.3333333333333335e-07
Sn10,18.81,1e-06
Sn10,18.869999999999997,1.3333333333333334e-06
Sn10,18.93,1.6666666666666667e-06
Sn10,18.990000000000002,1e-06
Sn10,19.049999999999997,2.333333333333333e-06
Sn10,19.11,3e-06
Sn10,19.17,5.666666666666667e-06
Sn10,19.229999999999997,7.666666666666667e-06
Sn10,19.29,9.333333333333333e-06
Sn10,19.35,1.2e-05
Sn10,19.409999999999997,1.3666666666666667e-05
Sn10,19.47,2.3e-05
Sn10,19.53,3.7e-05
Sn10,19.59,5.1666666666666664e-05
Sn10,19.65,6.8e-05
Sn10,19.71,8.2e-05
Sn10,19.77,0.00011333333333333333
Sn10,19.83,0.00013866666666666666
Sn10,19.89,0.00017733333333333333
Sn10,19.95,0.000231
Sn10,20.009999999999998,0.000307
Sn10,20.07,0.00039766666666666667
Sn10,20.13,0.000505
Sn10,20.189999999999998,0.0006356666666666666
Sn10,20.25,0.0008073333333333333
Sn10,20.31,0.0010263333333333333
Sn10,20.369999999999997,0.0012666666666666666
Sn10,20.43,0.00158
Sn10,20.490000000000002,0.0019313333333333333
Sn10,20.549999999999997,0.0024096666666666667
Sn10,20.61,0.002863
Sn10,20.67,0.0034553333333333333
Sn10,20.729999999999997,0.004092666666666666
Sn10,20.79,0.0047936666666666666
Sn10,20.85,0.0056626666666666665
Sn10,20.909999999999997,0.006732333333333333
Sn10,20.97,0.007859666666666666
Sn10,21.03,0.009031333333333334
Sn10,21.089999999999996,0.010252666666666667
Sn10,21.15,0.011648666666666667
Sn10,21.21,0.013175
Sn10,21.27,0.014806
Sn10,21.33,0.016423666666666666
Sn10,21.39,0.018141
Sn10,21.45,0.019847333333333335
Sn10,21.509999999999998,0.021655
Sn10,21.57,0.023458
Sn10,21.63,0.025196666666666666
Sn10,21.689999999999998,0.026821666666666667
Sn10,21.75,0.028410333333333333
Sn10,21.81,0.029882333333333334
Sn10,21.869999999999997,0.031163333333333335
Sn10,21.93,0.03231066666666667
Sn10,21.990000000000002,0.03303333333333333
Sn10,22.049999999999997,0.033715666666666665
Sn10,22.11,0.034036333333333335
Sn10,22.17,0.034380666666666664
Sn10,22.229999999999997,0.034205
Sn10,22.29,0.033947333333333336
Sn10,22.35,0.033376
Sn10,22.409999999999997,0.032652
Sn10,22.47,0.031573
Sn10,22.53,0.030188
Sn10,22.589999999999996,0.028716333333333333
Sn10,22.65,0.027257666666666666
Sn10,22.71,0.025832
Sn10,22.77,0.024164
Sn10,22.83,0.022281
Sn10,22.89,0.020372
Sn10,22.95,0.018490666666666666
Sn10,23.009999999999998,0.016752666666666666
Sn10,23.07,0.014983666666666666
Sn10,23.13,0.013406333333333333
Sn10,23.189999999999998,0.011906666666666666
Sn10,23.25,0.010465333333333333
Sn10,23.31,0.009049333333333333
Sn10,23.369999999999997,0.007800333333333334
Sn10,23.43,0.006729666666666667
Sn10,23.490000000000002,0.005700333333333333
Sn10,23.549999999999997,0.004811666666666666
Sn10,23.61,0.003989
Sn10,23.67,0.0033106666666666666
Sn10,23.729999999999997,0.00273
Sn10,23.79,0.002242333333333333
Sn10,23.85,0.0017883333333333334
Sn10,23.909999999999997,0.0014276666666666667
Sn10,23.97,0.0011456666666666666
Sn10,24.03,0.000924
Sn10,24.089999999999996,0.0007296666666666667
Sn10,24.15,0.00059
Sn10,24.21,0.0004583333333333333
Sn10,24.27,0.00033666666666666665
Sn10,24.33,0.0002503333333333333
Sn10,24.39,0.000192
Sn10,24.45,0.00014866666666666666
Sn10,24.509999999999998,0.00011566666666666667
Sn10,24.57,8e-05
Sn10,24.63,5.2333333333333336e-05
Sn10,24.689999999999998,3.8333333333333334e-05
Sn10,24.75,2.4e-05
Sn10,24.81,2e-05
Sn10,24.869999999999997,1.2666666666666667e-05
Sn10,24.93,1.2666666666666667e-05
Sn10,24.990000000000002,9e-06
Sn10,25.049999999999997,4.666666666666666e-06
Sn10,25.11,3e-06
Sn10,25.17,2.666666666666667e-06
Sn10,25.229999999999997,1e-06
Sn10,25.29,6.666666666666667e-07
Sn10,25.35,6.666666666666667e-07
Sn10,25.409999999999997,3.3333333333333335e-07
Sn10,25.47,3.3333333333333335e-07
Sn10,25.53,3.3333333333333335e-07
Sn10,25.589999999999996,3.3333333333333335e-07
Sn10,25.65,3.3333333333333335e-07
Ta10,18.39,1e-06
Ta10,18.45,3.3333333333333335e-07
Ta10,18.509999999999998,3.3333333333333335e-07
Ta10,18.57,1e-06
Ta10,18.63,1.6666666666666667e-06
Ta10,18.689999999999998,1.6666666666666667e-06
Ta10,18.75,2.333333333333333e-06
Ta10,18.81,4.333333333333333e-06
Ta10,18.869999999999997,5e-06
Ta10,18.93,5.666666666666667e-06
Ta10,18.990000000000002,8.666666666666666e-06
Ta10,19.049999999999997,1.1e-05
Ta10,19.11,2.1333333333333335e-05
Ta10,19.17,2.5e-05
Ta10,19.229999999999997,3.633333333333333e-05
Ta10,19.29,4.933333333333333e-05
Ta10,19.35,6.1e-05
Ta10,19.409999999999997,7.8e-05
Ta10,19.47,0.00010566666666666667
Ta10,19.53,0.000139
Ta10,19.59,0.000172
Ta10,19.65,0.00022933333333333334
Ta10,19.71,0.000277
Ta10,19.77,0.0003843333333333333
Ta10,19.83,0.00045733333333333335
Ta10,19.89,0.0006013333333333334
Ta10,19.95,0.0007516666666666667
Ta10,20.009999999999998,0.0009203333333333333
Ta10,20.07,0.0011913333333333333
Ta10,20.13,0.001438
Ta10,20.189999999999998,0.0017386666666666666
Ta10,20.25,0.002173
Ta10,20.31,0.0025863333333333333
Ta10,20.369999999999997,0.003065
Ta10,20.43,0.003682
Ta10,20.490000000000002,0.004363666666666667
Ta10,20.549999999999997,0.005195
Ta10,20.61,0.006004
Ta10,20.67,0.006948333333333333
Ta10,20.729999999999997,0.008069666666666666
Ta10,20.79,0.009211666666666667
Ta10,20.85,0.010450333333333334
Ta10,20.909999999999997,0.011912333333333334
Ta10,20.97,0.013329
Ta10,21.03,0.014777333333333333
Ta10,21.089999999999996,0.016376333333333333
Ta10,21.15,0.018108666666666665
Ta10,21.21,0.019722
Ta10,21.27,0.021390333333333334
Ta10,21.33,0.023149333333333334
Ta10,21.39,0.024734333333333334
Ta10,21.45,0.026241
Ta10,21.509999999999998,0.027819666666666666
Ta10,21.57,0.029230666666666665
Ta10,21.63,0.030226333333333334
Ta10,21.689999999999998,0.031425666666666664
Ta10,21.75,0.03229133333333333
Ta10,21.81,0.032682
Ta10,21.869999999999997,0.03336666666666667
Ta10,21.93,0.033507666666666665
Ta10,21.990000000000002,0.03334033333333333
Ta10,22.049999999999997,0.033203333333333335
Ta10,22.11,0.03260866666666667
Ta10,22.17,0.031934333333333335
Ta10,22.229999999999997,0.030896333333333335
Ta10,22.29,0.029885666666666668
Ta10,22.35,0.028722333333333332
Ta10,22.409999999999997,0.027138666666666665
Ta10,22.47,0.025622
Ta10,22.53,0.024061666666666665
Ta10,22.589999999999996,0.022189
Ta10,22.65,0.020621333333333332
Ta10,22.71,0.018926666666666668
Ta10,22.77,0.017184666666666668
Ta10,22.83,0.015528666666666666
Ta10,22.89,0.013802666666666666
Ta10,22.95,0.012405
Ta10,23.009999999999998,0.010909333333333333
Ta10,23.07,0.009526
Ta10,23.13,0.008392333333333333
Ta10,23.189999999999998,0.007228666666666667
Ta10,23.25,0.006132333333333333
Ta10,23.31,0.0052436666666666664
Ta10,23.369999999999997,0.004455
Ta10,23.43,0.0036563333333333335
Ta10,23.490000000000002,0.0031023333333333332
Ta10,23.549999999999997,0.002529
Ta10,23.61,0.002049
Ta10,23.67,0.0017096666666666666
Ta10,23.729999999999997,0.0013366666666666666
Ta10,23.79,0.001114
Ta10,23.85,0.0008506666666666667
Ta10,23.909999999999997,0.0006763333333333334
Ta10,23.97,0.0005513333333333334
Ta10,24.03,0.0004186666666666667
Ta10,24.089999999999996,0.0003266666666666667
Ta10,24.15,0.000264
Ta10,24.21,0.000183
Ta10,24.27,0.00013833333333333333
Ta10,24.33,0.00010433333333333334
Ta10,24.39,8.166666666666667e-05
Ta10,24.45,5.133333333333333e-05
Ta10,24.509999999999998,4.2e-05
Ta10,24.57,3.1666666666666666e-05
Ta10,24.63,1.4e-05
Ta10,24.689999999999998,1.7e-05
Ta10,24.75,1.1e-05
Ta10,24.81,5.333333333333334e-06
Ta10,24.869999999999997,5.333333333333334e-06
Ta10,24.93,5.666666666666667e-06
Ta10,24.990000000000002,1e-06
Ta10,25.049999999999997,2e-06
Ta10,25.11,1e-06
Ta10,25.17,6.666666666666667e-07
Ta10,25.229999999999997,6.666666666666667e-07
Ta10,25.29,0.0
Ta10,25.35,3.3333333333333335e-07
Ta10,25.409999999999997,3.3333333333333335e-07
Ta10,25.47,0.0
Ta10,25.53,3.3333333333333335e-07
Cu10,17.909999999999997,3.3333333333333335e-07
Cu10,17.97,1e-06
Cu10,18.03,0.0
Cu10,18.09,3.3333333333333335e-07
Cu10,18.15,1.6666666666666667e-06
Cu10,18.21,1.6666666666666667e-06
Cu10,18.27,1.3333333333333334e-06
Cu10,18.33,3e-06
Cu10,18.39,5.333333333333334e-06
Cu10,18.45,5.333333333333334e-06
Cu10,18.509999999999998,5e-06
Cu10,18.57,8.666666666666666e-06
Cu10,18.63,1.5e-05
Cu10,18.689999999999998,2.1e-05
Cu10,18.75,2.4333333333333333e-05
Cu10,18.81,3.6e-05
Cu10,18.869999999999997,4.7333333333333336e-05
Cu10,18.93,6.333333333333333e-05
Cu10,18.990000000000002,7.533333333333334e-05
Cu10,19.049999999999997,9.933333333333334e-05
Cu10,19.11,0.000139
Cu10,19.17,0.00017133333333333334
Cu10,19.229999999999997,0.000221
Cu10,19.29,0.0002716666666666667
Cu10,19.35,0.00037066666666666666
Cu10,19.409999999999997,0.0004513333333333333
Cu10,19.47,0.000568
Cu10,19.53,0.000699
Cu10,19.59,0.0008803333333333333
Cu10,19.65,0.001127
Cu10,19.71,0.0013476666666666667
Cu10,19.77,0.0016443333333333334
Cu10,19.83,0.0020253333333333334
Cu10,19.89,0.002412333333333333
Cu10,19.95,0.002899
Cu10,20.009999999999998,0.0033903333333333333
Cu10,20.07,0.004056
Cu10,20.13,0.0048323333333333334
Cu10,20.189999999999998,0.005594333333333333
Cu10,20.25,0.0064206666666666665
Cu10,20.31,0.007497666666666666
Cu10,20.369999999999997,0.008586333333333333
Cu10,20.43,0.009725
Cu10,20.490000000000002,0.010969333333333333
Cu10,20.549999999999997,0.012438333333333332
Cu10,20.61,0.013817
Cu10,20.67,0.015241
Cu10,20.729999999999997,0.016849
Cu10,20.79,0.018488333333333332
Cu10,20.85,0.020080666666666667
Cu10,20.909999999999997,0.021641
Cu10,20.97,0.02339866666666667
Cu10,21.03,0.024859333333333334
Cu10,21.089999999999996,0.026341
Cu10,21.15,0.027783
Cu10,21.21,0.028997666666666668
Cu10,21.27,0.030032333333333334
Cu10,21.33,0.031074333333333332
Cu10,21.39,0.03184466666666667
Cu10,21.45,0.03232733333333333
Cu10,21.509999999999998,0.03276
Cu10,21.57,0.032919666666666667
Cu10,21.63,0.03286
Cu10,21.689999999999998,0.03245033333333333
Cu10,21.75,0.03190333333333333
Cu10,21.81,0.031135333333333334
Cu10,21.869999999999997,0.030334
Cu10,21.93,0.029301
Cu10,21.990000000000002,0.02807633333333333
Cu10,22.049999999999997,0.026513
Cu10,22.11,0.025094666666666668
Cu10,22.17,0.023578666666666668
Cu10,22.229999999999997,0.021804
Cu10,22.29,0.020209333333333333
Cu10,22.35,0.018733666666666666
Cu10,22.409999999999997,0.01697
Cu10,22.47,0.015314333333333333
Cu10,22.53,0.013699333333333334
Cu10,22.589999999999996,0.012248333333333333
Cu10,22.65,0.010895666666666666
Cu10,22.71,0.009452333333333333
Cu10,22.77,0.008415
Cu10,22.83,0.007312666666666667
Cu10,22.89,0.006161
Cu10,22.95,0.005328
Cu10,23.009999999999998,0.004531
Cu10,23.07,0.003730666666666667
Cu10,23.13,0.0031826666666666665
Cu10,23.189999999999998,0.002604
Cu10,23.25,0.0021263333333333334
Cu10,23.31,0.0017753333333333334
Cu10,23.369999999999997,0.0014126666666666667
Cu10,23.43,0.0011486666666666668
Cu10,23.490000000000002,0.000926
Cu10,23.549999999999997,0.0006913333333333333
Cu10,23.61,0.000605
Cu10,23.67,0.000453
Cu10,23.729999999999997,0.00034533333333333334
Cu10,23.79,0.00027833333333333334
Cu10,23.85,0.000212
Cu10,23.909999999999997,0.00015233333333333334
Cu10,23.97,0.00011266666666666666
Cu10,24.03,8.9e-05
Cu10,24.089999999999996,6.8e-05
Cu10,24.15,4.066666666666667e-05
Cu10,24.21,4.066666666666667e-05
Cu10,24.27,2e-05
Cu10,24.33,1.3666666666666667e-05
Cu10,24.39,1.5666666666666667e-05
Cu10,24.45,6e-06
Cu10,24.509999999999998,5e-06
Cu10,24.57,6.666666666666667e-06
Cu10,24.63,2.666666666666667e-06
Cu10,24.689999999999998,1.3333333333333334e-06
Cu10,24.75,2e-06
Cu10,24.81,0.0
Cu10,24.869999999999997,1e-06
Cu10,24.93,3.3333333333333335e-07
Cu10,24.990000000000002,0.0
Cu10,25.049999999999997,6.666666666666667e-07
Cu10,25.11,0.0
Cu10,25.17,0.0
Cu10,25.229999999999997,3.3333333333333335e-07
Al_degrader_E6_E5,14.19,2e-07
Al_degrader_E6_E5,14.25,6.666666666666667e-08
Al_degrader_E6_E5,14.309999999999999,0.0
Al_degrader_E6_E5,14.37,6.666666666666667e-08
Al_degrader_E6_E5,14.43,6.666666666666667e-08
Al_degrader_E6_E5,14.489999999999998,5.333333333333333e-07
Al_degrader_E6_E5,14.55,2e-07
Al_degrader_E6_E5,14.61,2e-07
Al_degrader_E6_E5,14.669999999999998,5.333333333333333e-07
Al_degrader_E6_E5,14.73,7.333333333333333e-07
Al_degrader_E6_E5,14.79,1e-06
Al_degrader_E6_E5,14.85,8.666666666666667e-07
Al_degrader_E6_E5,14.91,1.2666666666666667e-06
Al_degrader_E6_E5,14.969999999999999,1.2e-06
Al_degrader_E6_E5,15.03,3.2666666666666666e-06
Al_degrader_E6_E5,15.09,3.8e-06
Al_degrader_E6_E5,15.149999999999999,3.6666666666666666e-06
Al_degrader_E6_E5,15.21,6.133333333333334e-06
Al_degrader_E6_E5,15.27,6.733333333333333e-06
Al_degrader_E6_E5,15.329999999999998,9.133333333333333e-06
Al_degrader_E6_E5,15.39,1.1666666666666666e-05
Al_degrader_E6_E5,15.45,1.2933333333333334e-05
Al_degrader_E6_E5,15.509999999999998,1.76e-05
Al_degrader_E6_E5,15.57,2.26e-05
Al_degrader_E6_E5,15.629999999999999,2.82e-05
Al_degrader_E6_E5,15.69,3.3266666666666664e-05
Al_degrader_E6_E5,15.75,4.2e-05
Al_degrader_E6_E5,15.809999999999999,5.14e-05
Al_degrader_E6_E5,15.87,6.56e-05
Al_degrader_E6_E5,15.93,8e-05
Al_degrader_E6_E5,15.989999999999998,9.68e-05
Al_degrader_E6_E5,16.049999999999997,0.0001162
Al_degrader_E6_E5,16.11,0.00014086666666666666
Al_degrader_E6_E5,16.17,0.0001776
Al_degrader_E6_E5,16.229999999999997,0.0002096
Al_degrader_E6_E5,16.29,0.0002534666666666667
Al_degrader_E6_E5,16.35,0.00029006666666666665
Al_degrader_E6_E5,16.409999999999997,0.00036073333333333334
Al_degrader_E6_E5,16.47,0.0004197333333333333
Al_degrader_E6_E5,16.53,0.0004898
Al_degrader_E6_E5,16.59,0.0005781333333333334
Al_degrader_E6_E5,16.65,0.0006735333333333333
Al_degrader_E6_E5,16.71,0.0007898666666666667
Al_degrader_E6_E5,16.77,0.0009212666666666667
Al_degrader_E6_E5,16.83,0.0010600666666666667
Al_degrader_E6_E5,16.89,0.0011998
Al_degrader_E6_E5,16.95,0.0013783333333333334
Al_degrader_E6_E5,17.009999999999998,0.0015958
Al_degrader_E6_E5,17.07,0.0017928666666666667
Al_degrader_E6_E5,17.13,0.0020110666666666665
Al_degrader_E6_E5,17.189999999999998,0.0022774
Al_degrader_E6_E5,17.25,0.0025672666666666667
Al_degrader_E6_E5,17.310000000000002,0.0028608
Al_degrader_E6_E5,17.369999999999997,0.0031738
Al_degrader_E6_E5,17.43,0.0034999333333333334
Al_degrader_E6_E5,17.490000000000002,0.0038974
Al_degrader_E6_E5,17.549999999999997,0.004261666666666667
Al_degrader_E6_E5,17.61,0.0046731333333333335
Al_degrader_E6_E5,17.67,0.005078066666666666
Al_degrader_E6_E5,17.729999999999997,0.005551
Al_degrader_E6_E5,17.79,0.005990133333333333
Al_degrader_E6_E5,17.85,0.00648
Al_degrader_E6_E5,17.909999999999997,0.006922933333333333
Al_degrader_E6_E5,17.97,0.0074686
Al_degrader_E6_E5,18.03,0.007921133333333333
Al_degrader_E6_E5,18.09,0.0084602
Al_degrader_E6_E5,18.15,0.008924933333333333
Al_degrader_E6_E5,18.21,0.0094684
Al_degrader_E6_E5,18.27,0.0099498
Al_degrader_E6_E5,18.33,0.010451333333333333
Al_degrader_E6_E5,18.39,0.0109192
Al_degrader_E6_E5,18.45,0.011441266666666667
Al_degrader_E6_E5,18.509999999999998,0.011869666666666667
Al_degrader_E6_E5,18.57,0.012328066666666667
Al_degrader_E6_E5,18.63,0.012721933333333333
Al_degrader_E6_E5,18.689999999999998,0.0131822
Al_degrader_E6_E5,18.75,0.013552733333333334
Al_degrader_E6_E5,18.81,0.013958266666666667
Al_degrader_E6_E5,18.869999999999997,0.014272533333333334
Al_degrader_E6_E5,18.93,0.014623733333333333
Al_degrader_E6_E5,18.990000000000002,0.014924133333333334
Al_degrader_E6_E5,19.049999999999997,0.015227466666666667
Al_degrader_E6_E5,19.11,0.015449133333333333
Al_degrader_E6_E5,19.17,0.0157326
Al_degrader_E6_E5,19.229999999999997,0.015920533333333334
Al_degrader_E6_E5,19.29,0.016184533333333334
Al_degrader_E6_E5,19.35,0.016320333333333333
Al_degrader_E6_E5,19.409999999999997,0.016518533333333335
Al_degrader_E6_E5,19.47,0.016620466666666667
Al_degrader_E6_E5,19.53,0.016804733333333332
Al_degrader_E6_E5,19.59,0.016889466666666665
Al_degrader_E6_E5,19.65,0.017002333333333335
Al_degrader_E6_E5,19.71,0.017037866666666665
Al_degrader_E6_E5,19.77,0.017178466666666666
Al_degrader_E6_E5,19.83,0.017187866666666666
Al_degrader_E6_E5,19.89,0.017263733333333333
Al_degrader_E6_E5,19.95,0.0171864
Al_degrader_E6_E5,20.009999999999998,0.017279333333333334
Al_degrader_E6_E5,20.07,0.0172518
Al_degrader_E6_E5,20.13,0.017194866666666666
Al_degrader_E6_E5,20.189999999999998,0.017160066666666668
Al_degrader_E6_E5,20.25,0.0170686
Al_degrader_E6_E5,20.31,0.016989466666666668
Al_degrader_E6_E5,20.369999999999997,0.016835333333333334
Al_degrader_E6_E5,20.43,0.0167426
Al_degrader_E6_E5,20.490000000000002,0.016538866666666666
Al_degrader_E6_E5,20.549999999999997,0.016343
Al_degrader_E6_E5,20.61,0.0160498
Al_degrader_E6_E5,20.67,0.0158574
Al_degrader_E6_E5,20.729999999999997,0.015549266666666667
Al_degrader_E6_E5,20.79,0.0151988
Al_degrader_E6_E5,20.85,0.0147978
Al_degrader_E6_E5,20.909999999999997,0.014459533333333333
Al_degrader_E6_E5,20.97,0.0140016
Al_degrader_E6_E5,21.03,0.013527266666666666
Al_degrader_E6_E5,21.089999999999996,0.0130726
Al_degrader_E6_E5,21.15,0.012540066666666667
Al_degrader_E6_E5,21.21,0.011991266666666667
Al_degrader_E6_E5,21.27,0.0113546
Al_degrader_E6_E5,21.33,0.010876066666666667
Al_degrader_E6_E5,21.39,0.0102168
Al_degrader_E6_E5,21.45,0.0096386
Al_degrader_E6_E5,21.509999999999998,0.0089982
Al_degrader_E6_E5,21.57,0.008420333333333333
Al_degrader_E6_E5,21.63,0.0077946
Al_degrader_E6_E5,21.689999999999998,0.0071691333333333334
Al_degrader_E6_E5,21.75,0.006628333333333333
Al_degrader_E6_E5,21.81,0.006027933333333333
Al_degrader_E6_E5,21.869999999999997,0.0054574
Al_degrader_E6_E5,21.93,0.004954666666666666
Al_degrader_E6_E5,21.990000000000002,0.0044706
Al_degrader_E6_E5,22.049999999999997,0.0039654
Al_degrader_E6_E5,22.11,0.0035021333333333333
Al_degrader_E6_E5,22.17,0.0031245333333333332
Al_degrader_E6_E5,22.229999999999997,0.0027424666666666666
Al_degrader_E6_E5,22.29,0.0023715333333333335
Al_degrader_E6_E5,22.35,0.0020553333333333335
Al_degrader_E6_E5,22.409999999999997,0.0018018666666666666
Al_degrader_E6_E5,22.47,0.0015236666666666667
Al_degrader_E6_E5,22.53,0.0012907333333333332
Al_degrader_E6_E5,22.589999999999996,0.0010966
Al_degrader_E6_E5,22.65,0.000923
Al_degrader_E6_E5,22.71,0.0007671333333333333
Al_degrader_E6_E5,22.77,0.0006332
Al_degrader_E6_E5,22.83,0.0005265333333333333
Al_degrader_E6_E5,22.89,0.0004219333333333333
Al_degrader_E6_E5,22.95,0.0003442
Al_degrader_E6_E5,23.009999999999998,0.0002854
Al_degrader_E6_E5,23.07,0.0002232
Al_degrader_E6_E5,23.13,0.000177
Al_degrader_E6_E5,23.189999999999998,0.00013813333333333332
Al_degrader_E6_E5,23.25,0.0001176
Al_degrader_E6_E5,23.31,8.393333333333333e-05
Al_degrader_E6_E5,23.369999999999997,6.666666666666667e-05
Al_degrader_E6_E5,23.43,5.3733333333333336e-05
Al_degrader_E6_E5,23.490000000000002,4.006666666666667e-05
Al_degrader_E6_E5,23.549999999999997,2.74e-05
Al_degrader_E6_E5,23.61,2.4e-05
Al_degrader_E6_E5,23.67,1.6e-05
Al_degrader_E6_E5,23.729999999999997,1.26e-05
Al_degrader_E6_E5,23.79,9e-06
Al_degrader_E6_E5,23.85,7.333333333333333e-06
Al_degrader_E6_E5,23.909999999999997,3.6666666666666666e-06
Al_degrader_E6_E5,23.97,2.666666666666667e-06
Al_degrader_E6_E5,24.03,3e-06
Al_degrader_E6_E5,24.089999999999996,1e-06
Al_degrader_E6_E5,24.15,1e-06
Al_degrader_E6_E5,24.21,1.4e-06
Al_degrader_E6_E5,24.27,6e-07
Al_degrader_E6_E5,24.33,2e-07
Al_degrader_E6_E5,24.39,4e-07
Al_degrader_E6_E5,24.45,0.0
Al_degrader_E6_E5,24.509999999999998,2e-07
Al_degrader_E6_E5,24.57,6.666666666666667e-08
Al_degrader_E6_E5,24.63,0.0
Al_degrader_E6_E5,24.689999999999998,1.3333333333333334e-07
Al_degrader_E6_E5,24.75,0.0
Al_degrader_E6_E5,24.81,0.0
Al_degrader_E6_E5,24.869999999999997,6.666666666666667e-08
Ni11,13.59,1e-06
Ni11,13.649999999999999,3.3333333333333335e-07
Ni11,13.71,0.0
Ni11,13.77,3.3333333333333335e-07
Ni11,13.829999999999998,3.3333333333333335e-07
Ni11,13.89,2e-06
Ni11,13.95,1.6666666666666667e-06
Ni11,14.009999999999998,6.666666666666667e-07
Ni11,14.07,2.666666666666667e-06
Ni11,14.129999999999999,3.3333333333333333e-06
Ni11,14.19,3.3333333333333333e-06
Ni11,14.25,5.333333333333334e-06
Ni11,14.309999999999999,5e-06
Ni11,14.37,8e-06
Ni11,14.43,1.0666666666666667e-05
Ni11,14.489999999999998,1.4666666666666666e-05
Ni11,14.55,2e-05
Ni11,14.61,2.1666666666666667e-05
Ni11,14.669999999999998,3.1e-05
Ni11,14.73,3.9e-05
Ni11,14.79,4.9e-05
Ni11,14.85,5.5e-05
Ni11,14.91,7.333333333333333e-05
Ni11,14.969999999999999,8.533333333333334e-05
Ni11,15.03,0.000117
Ni11,15.09,0.00013966666666666666
Ni11,15.149999999999999,0.00016433333333333333
Ni11,15.21,0.00021266666666666667
Ni11,15.27,0.000255
Ni11,15.329999999999998,0.00030733333333333334
Ni11,15.39,0.0003936666666666667
Ni11,15.45,0.0004583333333333333
Ni11,15.509999999999998,0.0005423333333333334
Ni11,15.57,0.0006586666666666667
Ni11,15.629999999999999,0.0008236666666666667
Ni11,15.69,0.0009743333333333333
Ni11,15.75,0.001152
Ni11,15.809999999999999,0.001316
Ni11,15.87,0.0016186666666666667
Ni11,15.93,0.001861
Ni11,15.989999999999998,0.0021676666666666667
Ni11,16.049999999999997,0.0025336666666666667
Ni11,16.11,0.002916
Ni11,16.17,0.003377
Ni11,16.229999999999997,0.0039313333333333336
Ni11,16.29,0.004431333333333333
Ni11,16.35,0.005006
Ni11,16.409999999999997,0.005685
Ni11,16.47,0.006416
Ni11,16.53,0.007282
Ni11,16.59,0.008084333333333334
Ni11,16.65,0.008935666666666666
Ni11,16.71,0.00995
Ni11,16.77,0.010964333333333333
Ni11,16.83,0.012044
Ni11,16.89,0.01304
Ni11,16.95,0.014271666666666667
Ni11,17.009999999999998,0.015460666666666666
Ni11,17.07,0.016562666666666667
Ni11,17.13,0.017771333333333333
Ni11,17.189999999999998,0.01901366666666667
Ni11,17.25,0.020234333333333333
Ni11,17.310000000000002,0.021287
Ni11,17.369999999999997,0.022435
Ni11,17.43,0.02343
Ni11,17.490000000000002,0.024541666666666666
Ni11,17.549999999999997,0.025173666666666667
Ni11,17.61,0.026219
Ni11,17.67,0.026740333333333335
Ni11,17.729999999999997,0.027424333333333332
Ni11,17.79,0.027723666666666667
Ni11,17.85,0.028259
Ni11,17.909999999999997,0.028286333333333333
Ni11,17.97,0.028367666666666666
Ni11,18.03,0.028274
Ni11,18.09,0.027891
Ni11,18.15,0.027578666666666668
Ni11,18.21,0.02699
Ni11,18.27,0.02643
Ni11,18.33,0.025676333333333332
Ni11,18.39,0.024802333333333332
Ni11,18.45,0.023743
Ni11,18.509999999999998,0.022769333333333332
Ni11,18.57,0.021687666666666668
Ni11,18.63,0.020409666666666666
Ni11,18.689999999999998,0.019133666666666667
Ni11,18.75,0.017944666666666668
Ni11,18.81,0.016758
Ni11,18.869999999999997,0.015589
Ni11,18.93,0.014265
Ni11,18.990000000000002,0.013021666666666668
Ni11,19.049999999999997,0.011810333333333334
Ni11,19.11,0.010777
Ni11,19.17,0.009670666666666666
Ni11,19.229999999999997,0.008617333333333333
Ni11,19.29,0.007696333333333334
Ni11,19.35,0.006888666666666667
Ni11,19.409999999999997,0.006016666666666667
Ni11,19.47,0.005262
Ni11,19.53,0.004566
Ni11,19.59,0.003968666666666666
Ni11,19.65,0.0033696666666666666
Ni11,19.71,0.0029203333333333334
Ni11,19.77,0.0024666666666666665
Ni11,19.83,0.0020863333333333333
Ni11,19.89,0.0017233333333333332
Ni11,19.95,0.0014596666666666666
Ni11,20.009999999999998,0.0012383333333333333
Ni11,20.07,0.0010073333333333334
Ni11,20.13,0.0008226666666666666
Ni11,20.189999999999998,0.000646
Ni11,20.25,0.0005483333333333333
Ni11,20.31,0.00045733333333333335
Ni11,20.369999999999997,0.00035666666666666664
Ni11,20.43,0.00028033333333333333
Ni11,20.490000000000002,0.00023433333333333333
Ni11,20.549999999999997,0.000185
Ni11,20.61,0.00013066666666666665
Ni11,20.67,0.00010333333333333333
Ni11,20.729999999999997,8.7e-05
Ni11,20.79,6.133333333333334e-05
Ni11,20.85,4.3333333333333334e-05
Ni11,20.909999999999997,4.233333333333333e-05
Ni11,20.97,2.9e-05
Ni11,21.03,1.6e-05
Ni11,21.089999999999996,1.0666666666666667e-05
Ni11,21.15,1.4666666666666666e-05
Ni11,21.21,6e-06
Ni11,21.27,4.666666666666666e-06
Ni11,21.33,5.666666666666667e-06
Ni11,21.39,4e-06
Ni11,21.45,1.6666666666666667e-06
Ni11,21.509999999999998,1e-06
Ni11,21.57,1.6666666666666667e-06
Ni11,21.63,3.3333333333333335e-07
Ni11,21.689999999999998,6.666666666666667e-07
Ni11,21.75,3.3333333333333335e-07
Ni11,21.81,0.0
Ni11,21.869999999999997,6.666666666666667e-07
Ni11,21.93,0.0
Ni11,21.990000000000002,0.0
Ni11,22.049999999999997,0.0
Ni11,22.11,3.3333333333333335e-07
Sn11,13.41,1e-06
Sn11,13.469999999999999,6.666666666666667e-07
Sn11,13.53,1e-06
Sn11,13.59,1.3333333333333334e-06
Sn11,13.649999999999999,1e-06
Sn11,13.71,6.666666666666667e-07
Sn11,13.77,2e-06
Sn11,13.829999999999998,2.666666666666667e-06
Sn11,13.89,3.6666666666666666e-06
Sn11,13.95,5e-06
Sn11,14.009999999999998,5e-06
Sn11,14.07,9e-06
Sn11,14.129999999999999,9.666666666666667e-06
Sn11,14.19,8.333333333333334e-06
Sn11,14.25,1.2666666666666667e-05
Sn11,14.309999999999999,2.1333333333333335e-05
Sn11,14.37,3.0333333333333333e-05
Sn11,14.43,3.4e-05
Sn11,14.489999999999998,4.966666666666667e-05
Sn11,14.55,6.1e-05
Sn11,14.61,6.966666666666666e-05
Sn11,14.669999999999998,8.566666666666667e-05
Sn11,14.73,0.00010366666666666666
Sn11,14.79,0.00012866666666666666
Sn11,14.85,0.00015666666666666666
Sn11,14.91,0.00019233333333333334
Sn11,14.969999999999999,0.00024566666666666666
Sn11,15.03,0.000297
Sn11,15.09,0.0003533333333333333
Sn11,15.149999999999999,0.00043466666666666664
Sn11,15.21,0.0005376666666666667
Sn11,15.27,0.000645
Sn11,15.329999999999998,0.0007826666666666666
Sn11,15.39,0.000924
Sn11,15.45,0.0011156666666666667
Sn11,15.509999999999998,0.0013373333333333334
Sn11,15.57,0.0015613333333333334
Sn11,15.629999999999999,0.0018676666666666666
Sn11,15.69,0.0022093333333333335
Sn11,15.75,0.0025123333333333334
Sn11,15.809999999999999,0.0028953333333333335
Sn11,15.87,0.003364666666666667
Sn11,15.93,0.003818
Sn11,15.989999999999998,0.00439
Sn11,16.049999999999997,0.005025666666666667
Sn11,16.11,0.005795333333333334
Sn11,16.17,0.0065973333333333335
Sn11,16.229999999999997,0.007340666666666666
Sn11,16.29,0.008170333333333333
Sn11,16.35,0.009097666666666667
Sn11,16.409999999999997,0.010078666666666666
Sn11,16.47,0.011124333333333333
Sn11,16.53,0.012294
Sn11,16.59,0.013418666666666667
Sn11,16.65,0.014539
Sn11,16.71,0.01576
Sn11,16.77,0.016912333333333335
Sn11,16.83,0.018237
Sn11,16.89,0.019412
Sn11,16.95,0.020661333333333334
Sn11,17.009999999999998,0.021873666666666666
Sn11,17.07,0.022971
Sn11,17.13,0.024021666666666667
Sn11,17.189999999999998,0.025072
Sn11,17.25,0.025910666666666665
Sn11,17.310000000000002,0.026797
Sn11,17.369999999999997,0.027498333333333333
Sn11,17.43,0.027892
Sn11,17.490000000000002,0.028316
Sn11,17.549999999999997,0.028499333333333335
Sn11,17.61,0.028768666666666668
Sn11,17.67,0.028657666666666668
Sn11,17.729999999999997,0.028552666666666667
Sn11,17.79,0.028308666666666666
Sn11,17.85,0.027872333333333332
Sn11,17.909999999999997,0.027287
Sn11,17.97,0.026493
Sn11,18.03,0.025591666666666665
Sn11,18.09,0.024502333333333334
Sn11,18.15,0.023539333333333332
Sn11,18.21,0.022588666666666667
Sn11,18.27,0.021452
Sn11,18.33,0.020239666666666666
Sn11,18.39,0.018944
Sn11,18.45,0.017599
Sn11,18.509999999999998,0.016229666666666667
Sn11,18.57,0.014912666666666666
Sn11,18.63,0.013626
Sn11,18.689999999999998,0.012444666666666666
Sn11,18.75,0.011352333333333334
Sn11,18.81,0.010282666666666667
Sn11,18.869999999999997,0.009224333333333333
Sn11,18.93,0.008169
Sn11,18.990000000000002,0.007211666666666667
Sn11,19.049999999999997,0.006359
Sn11,19.11,0.005596333333333333
Sn11,19.17,0.004859666666666667
Sn11,19.229999999999997,0.004210333333333333
Sn11,19.29,0.0035826666666666667
Sn11,19.35,0.0030703333333333333
Sn11,19.409999999999997,0.0026163333333333334
Sn11,19.47,0.0022083333333333334
Sn11,19.53,0.0018543333333333333
Sn11,19.59,0.0015246666666666666
Sn11,19.65,0.0012693333333333333
Sn11,19.71,0.0010456666666666667
Sn11,19.77,0.000869
Sn11,19.83,0.0007156666666666666
Sn11,19.89,0.0005773333333333333
Sn11,19.95,0.00047933333333333335
Sn11,20.009999999999998,0.000392
Sn11,20.07,0.000301
Sn11,20.13,0.00022666666666666666
Sn11,20.189999999999998,0.00017833333333333332
Sn11,20.25,0.00015066666666666668
Sn11,20.31,0.00011766666666666666
Sn11,20.369999999999997,9.366666666666666e-05
Sn11,20.43,6.566666666666667e-05
Sn11,20.490000000000002,4.766666666666667e-05
Sn11,20.549999999999997,3.5e-05
Sn11,20.61,2.4e-05
Sn11,20.67,1.9666666666666666e-05
Sn11,20.729999999999997,1.2666666666666667e-05
Sn11,20.79,1.1e-05
Sn11,20.85,1e-05
Sn11,20.909999999999997,7.666666666666667e-06
Sn11,20.97,4e-06
Sn11,21.03,3e-06
Sn11,21.089999999999996,2e-06
Sn11,21.15,1.6666666666666667e-06
Sn11,21.21,6.666666666666667e-07
Sn11,21.27,6.666666666666667e-07
Sn11,21.33,6.666666666666667e-07
Sn11,21.39,3.3333333333333335e-07
Sn11,21.45,3.3333333333333335e-07
Sn11,21.509999999999998,3.3333333333333335e-07
Sn11,21.57,3.3333333333333335e-07
Sn11,21.63,3.3333333333333335e-07
Ta11,12.93,1e-06
Ta11,12.989999999999998,3.3333333333333335e-07
Ta11,13.05,0.0
Ta11,13.11,3.3333333333333335e-07
Ta11,13.169999999999998,1.3333333333333334e-06
Ta11,13.23,1.3333333333333334e-06
Ta11,13.29,6.666666666666667e-07
Ta11,13.35,1.6666666666666667e-06
Ta11,13.41,3e-06
Ta11,13.469999999999999,2.666666666666667e-06
Ta11,13.53,4e-06
Ta11,13.59,5e-06
Ta11,13.649999999999999,5.333333333333334e-06
Ta11,13.71,6.666666666666667e-06
Ta11,13.77,9.333333333333333e-06
Ta11,13.829999999999998,1.5333333333333334e-05
Ta11,13.89,1.8666666666666665e-05
Ta11,13.95,1.8666666666666665e-05
Ta11,14.009999999999998,3.0333333333333333e-05
Ta11,14.07,3.866666666666667e-05
Ta11,14.129999999999999,4.3666666666666666e-05
Ta11,14.19,5.2333333333333336e-05
Ta11,14.25,6.9e-05
Ta11,14.309999999999999,8.633333333333334e-05
Ta11,14.37,0.000102
Ta11,14.43,0.000128
Ta11,14.489999999999998,0.00015833333333333332
Ta11,14.55,0.000189
Ta11,14.61,0.00022433333333333333
Ta11,14.669999999999998,0.0002866666666666667
Ta11,14.73,0.0003356666666666667
Ta11,14.79,0.000422
Ta11,14.85,0.0004926666666666666
Ta11,14.91,0.0006063333333333333
Ta11,14.969999999999999,0.0007003333333333333
Ta11,15.03,0.00089
Ta11,15.09,0.001014
Ta11,15.149999999999999,0.00122
Ta11,15.21,0.0014183333333333333
Ta11,15.27,0.0017086666666666667
Ta11,15.329999999999998,0.001914
Ta11,15.39,0.0022613333333333335
Ta11,15.45,0.002622666666666667
Ta11,15.509999999999998,0.0030106666666666667
Ta11,15.57,0.0034453333333333332
Ta11,15.629999999999999,0.0040216666666666664
Ta11,15.69,0.004558666666666667
Ta11,15.75,0.005089333333333334
Ta11,15.809999999999999,0.005784666666666666
Ta11,15.87,0.0065183333333333334
Ta11,15.93,0.007289333333333333
Ta11,15.989999999999998,0.008098333333333334
Ta11,16.049999999999997,0.008982
Ta11,16.11,0.009995333333333334
Ta11,16.17,0.011021
Ta11,16.229999999999997,0.011917
Ta11,16.29,0.013061
Ta11,16.35,0.014119333333333333
Ta11,16.409999999999997,0.015327666666666667
Ta11,16.47,0.016425333333333333
Ta11,16.53,0.017577666666666665
Ta11,16.59,0.01879866666666667
Ta11,16.65,0.019987
Ta11,16.71,0.021041333333333332
Ta11,16.77,0.022008666666666666
Ta11,16.83,0.023191666666666666
Ta11,16.89,0.024111
Ta11,16.95,0.024943
Ta11,17.009999999999998,0.025676666666666667
Ta11,17.07,0.026479666666666665
Ta11,17.13,0.027005
Ta11,17.189999999999998,0.027245333333333333
Ta11,17.25,0.027831
Ta11,17.310000000000002,0.027948
Ta11,17.369999999999997,0.027861
Ta11,17.43,0.027914666666666667
Ta11,17.490000000000002,0.027732666666666666
Ta11,17.549999999999997,0.027195666666666667
Ta11,17.61,0.026781666666666665
Ta11,17.67,0.026214333333333333
Ta11,17.729999999999997,0.025387
Ta11,17.79,0.024669666666666666
Ta11,17.85,0.023831
Ta11,17.909999999999997,0.022650333333333335
Ta11,17.97,0.021620666666666667
Ta11,18.03,0.020520666666666666
Ta11,18.09,0.019273
Ta11,18.15,0.018137666666666667
Ta11,18.21,0.016920333333333332
Ta11,18.27,0.015701666666666666
Ta11,18.33,0.014456333333333333
Ta11,18.39,0.013307333333333332
Ta11,18.45,0.012118666666666666
Ta11,18.509999999999998,0.010950333333333333
Ta11,18.57,0.009994
Ta11,18.63,0.008941333333333334
Ta11,18.689999999999998,0.007960333333333333
Ta11,18.75,0.007165
Ta11,18.81,0.006319666666666667
Ta11,18.869999999999997,0.005501666666666667
Ta11,18.93,0.004801333333333334
Ta11,18.990000000000002,0.004215
Ta11,19.049999999999997,0.003634333333333333
Ta11,19.11,0.003066
Ta11,19.17,0.002678
Ta11,19.229999999999997,0.002256
Ta11,19.29,0.0018536666666666667
Ta11,19.35,0.0016303333333333332
Ta11,19.409999999999997,0.0013233333333333333
Ta11,19.47,0.0010933333333333333
Ta11,19.53,0.0009383333333333333
Ta11,19.59,0.0007456666666666666
Ta11,19.65,0.0006076666666666666
Ta11,19.71,0.0005083333333333333
Ta11,19.77,0.000414
Ta11,19.83,0.00031666666666666665
Ta11,19.89,0.00026933333333333334
Ta11,19.95,0.00021433333333333333
Ta11,20.009999999999998,0.00016
Ta11,20.07,0.00013066666666666665
Ta11,20.13,8.866666666666666e-05
Ta11,20.189999999999998,7.933333333333333e-05
Ta11,20.25,6.533333333333333e-05
Ta11,20.31,3.633333333333333e-05
Ta11,20.369999999999997,3.5e-05
Ta11,20.43,2.8e-05
Ta11,20.490000000000002,1.3e-05
Ta11,20.549999999999997,1.3333333333333333e-05
Ta11,20.61,1.2333333333333333e-05
Ta11,20.67,6.333333333333333e-06
Ta11,20.729999999999997,4e-06
Ta11,20.79,5.666666666666667e-06
Ta11,20.85,3.6666666666666666e-06
Ta11,20.909999999999997,1e-06
Ta11,20.97,1.3333333333333334e-06
Ta11,21.03,1.6666666666666667e-06
Ta11,21.089999999999996,0.0
Ta11,21.15,6.666666666666667e-07
Ta11,21.21,6.666666666666667e-07
Ta11,21.27,0.0
Ta11,21.33,6.666666666666667e-07
Ta11,21.39,0.0
Ta11,21.45,0.0
Ta11,21.509999999999998,3.3333333333333335e-07
Cu11,12.329999999999998,1e-06
Cu11,12.39,3.3333333333333335e-07
Cu11,12.45,0.0
Cu11,12.51,3.3333333333333335e-07
Cu11,12.57,0.0
Cu11,12.629999999999999,1.6666666666666667e-06
Cu11,12.69,1.6666666666666667e-06
Cu11,12.75,1e-06
Cu11,12.809999999999999,2e-06
Cu11,12.870000000000001,1.6666666666666667e-06
Cu11,12.93,4.666666666666666e-06
Cu11,12.989999999999998,3.3333333333333333e-06
Cu11,13.05,4.333333333333333e-06
Cu11,13.11,5.666666666666667e-06
Cu11,13.169999999999998,6.666666666666667e-06
Cu11,13.23,1.1e-05
Cu11,13.29,1.4333333333333334e-05
Cu11,13.35,1.8666666666666665e-05
Cu11,13.41,1.9666666666666666e-05
Cu11,13.469999999999999,2.9e-05
Cu11,13.53,3.633333333333333e-05
Cu11,13.59,4.233333333333333e-05
Cu11,13.649999999999999,5.1e-05
Cu11,13.71,6.233333333333334e-05
Cu11,13.77,7.633333333333334e-05
Cu11,13.829999999999998,9.666666666666667e-05
Cu11,13.89,0.00012333333333333334
Cu11,13.95,0.000142
Cu11,14.009999999999998,0.00017333333333333334
Cu11,14.07,0.00020833333333333335
Cu11,14.129999999999999,0.0002593333333333333
Cu11,14.19,0.000306
Cu11,14.25,0.00038533333333333334
Cu11,14.309999999999999,0.000445
Cu11,14.37,0.000529
Cu11,14.43,0.0006343333333333333
Cu11,14.489999999999998,0.0007796666666666667
Cu11,14.55,0.000903
Cu11,14.61,0.0010666666666666667
Cu11,14.669999999999998,0.001248
Cu11,14.73,0.0014813333333333334
Cu11,14.79,0.0017203333333333333
Cu11,14.85,0.001971333333333333
Cu11,14.91,0.0022976666666666666
Cu11,14.969999999999999,0.0026153333333333332
Cu11,15.03,0.003008666666666667
Cu11,15.09,0.003473
Cu11,15.149999999999999,0.003986333333333333
Cu11,15.21,0.004495666666666667
Cu11,15.27,0.005007333333333333
Cu11,15.329999999999998,0.005631666666666667
Cu11,15.39,0.006409666666666667
Cu11,15.45,0.007133
Cu11,15.509999999999998,0.007872666666666667
Cu11,15.57,0.008674666666666667
Cu11,15.629999999999999,0.009692333333333334
Cu11,15.69,0.010571333333333334
Cu11,15.75,0.01151
Cu11,15.809999999999999,0.012539333333333333
Cu11,15.87,0.013579333333333334
Cu11,15.93,0.014734
Cu11,15.989999999999998,0.015760666666666666
Cu11,16.049999999999997,0.016795666666666667
Cu11,16.11,0.017967
Cu11,16.17,0.019147666666666667
Cu11,16.229999999999997,0.020102666666666668
Cu11,16.29,0.021155666666666666
Cu11,16.35,0.022108
Cu11,16.409999999999997,0.023266666666666668
Cu11,16.47,0.023940666666666666
Cu11,16.53,0.024576
Cu11,16.59,0.025525666666666665
Cu11,16.65,0.026097
Cu11,16.71,0.026486
Cu11,16.77,0.026802333333333334
Cu11,16.83,0.027174
Cu11,16.89,0.027308333333333334
Cu11,16.95,0.027336666666666665
Cu11,17.009999999999998,0.027038333333333334
Cu11,17.07,0.026935666666666667
Cu11,17.13,0.02644
Cu11,17.189999999999998,0.025965333333333333
Cu11,17.25,0.025454333333333332
Cu11,17.310000000000002,0.024648666666666666
Cu11,17.369999999999997,0.023984333333333333
Cu11,17.43,0.023012666666666667
Cu11,17.490000000000002,0.02207133333333333
Cu11,17.549999999999997,0.020905666666666666
Cu11,17.61,0.019989
Cu11,17.67,0.018689333333333332
Cu11,17.729999999999997,0.017576
Cu11,17.79,0.016426666666666666
Cu11,17.85,0.01544
Cu11,17.909999999999997,0.014225666666666666
Cu11,17.97,0.013014333333333333
Cu11,18.03,0.011794333333333334
Cu11,18.09,0.010904666666666667
Cu11,18.15,0.009857333333333333
Cu11,18.21,0.008848
Cu11,18.27,0.007839666666666667
Cu11,18.33,0.0071463333333333335
Cu11,18.39,0.006336
Cu11,18.45,0.005549333333333333
Cu11,18.509999999999998,0.004830666666666666
Cu11,18.57,0.004237
Cu11,18.63,0.0037153333333333335
Cu11,18.689999999999998,0.0031346666666666667
Cu11,18.75,0.0027606666666666665
Cu11,18.81,0.00229
Cu11,18.869999999999997,0.0019636666666666665
Cu11,18.93,0.0016536666666666666
Cu11,18.990000000000002,0.0014016666666666667
Cu11,19.049999999999997,0.0011786666666666666
Cu11,19.11,0.0009696666666666666
Cu11,19.17,0.0008186666666666667
Cu11,19.229999999999997,0.0006226666666666667
Cu11,19.29,0.00055
Cu11,19.35,0.0004516666666666667
Cu11,19.409999999999997,0.0003533333333333333
Cu11,19.47,0.000284
Cu11,19.53,0.000239
Cu11,19.59,0.000193
Cu11,19.65,0.000142
Cu11,19.71,0.00010333333333333333
Cu11,19.77,8.933333333333333e-05
Cu11,19.83,6.933333333333333e-05
Cu11,19.89,5.333333333333333e-05
Cu11,19.95,3.5e-05
Cu11,20.009999999999998,3.5e-05
Cu11,20.07,2.0666666666666666e-05
Cu11,20.13,1.0333333333333333e-05
Cu11,20.189999999999998,1.5e-05
Cu11,20.25,1.1333333333333334e-05
Cu11,20.31,5e-06
Cu11,20.369999999999997,3.3333333333333333e-06
Cu11,20.43,6.333333333333333e-06
Cu11,20.490000000000002,2.333333333333333e-06
Cu11,20.549999999999997,1.6666666666666667e-06
Cu11,20.61,1e-06
Cu11,20.67,1.3333333333333334e-06
Cu11,20.729999999999997,0.0
Cu11,20.79,1e-06
Cu11,20.85,3.3333333333333335e-07
Cu11,20.909999999999997,0.0
Cu11,20.97,6.666666666666667e-07
Cu11,21.03,0.0
Cu11,21.089999999999996,0.0
Cu11,21.15,0.0
Cu11,21.21,3.3333333333333335e-07
Al_degrader_E8_E7,6.6899999999999995,1.3636363636363637e-07
Al_degrader_E8_E7,6.75,4.545454545454546e-08
Al_degrader_E8_E7,6.81,0.0
Al_degrader_E8_E7,6.869999999999999,0.0
Al_degrader_E8_E7,6.93,0.0
Al_degrader_E8_E7,6.99,9.090909090909091e-08
Al_degrader_E8_E7,7.05,9.090909090909091e-08
Al_degrader_E8_E7,7.109999999999999,9.090909090909091e-08
Al_degrader_E8_E7,7.17,4.545454545454546e-08
Al_degrader_E8_E7,7.2299999999999995,1.3636363636363637e-07
Al_degrader_E8_E7,7.289999999999999,9.090909090909091e-08
Al_degrader_E8_E7,7.35,1.8181818181818183e-07
Al_degrader_E8_E7,7.41,2.2727272727272726e-07
Al_degrader_E8_E7,7.47,1.8181818181818183e-07
Al_degrader_E8_E7,7.529999999999999,3.181818181818182e-07
Al_degrader_E8_E7,7.59,3.6363636363636366e-07
Al_degrader_E8_E7,7.65,4.090909090909091e-07
Al_degrader_E8_E7,7.709999999999999,2.7272727272727274e-07
Al_degrader_E8_E7,7.77,6.363636363636364e-07
Al_degrader_E8_E7,7.83,5e-07
Al_degrader_E8_E7,7.89,6.363636363636364e-07
Al_degrader_E8_E7,7.949999999999999,9.09090909090909e-07
Al_degrader_E8_E7,8.01,7.272727272727273e-07
Al_degrader_E8_E7,8.07,1.3636363636363636e-06
Al_degrader_E8_E7,8.129999999999999,1.6818181818181819e-06
Al_degrader_E8_E7,8.19,1.6818181818181819e-06
Al_degrader_E8_E7,8.25,2.3636363636363636e-06
Al_degrader_E8_E7,8.309999999999999,1.7727272727272727e-06
Al_degrader_E8_E7,8.370000000000001,3.5454545454545454e-06
Al_degrader_E8_E7,8.43,3.772727272727273e-06
Al_degrader_E8_E7,8.489999999999998,4.136363636363636e-06
Al_degrader_E8_E7,8.55,4.681818181818182e-06
Al_degrader_E8_E7,8.61,5e-06
Al_degrader_E8_E7,8.67,7.090909090909091e-06
Al_degrader_E8_E7,8.73,7.409090909090909e-06
Al_degrader_E8_E7,8.79,8.5e-06
Al_degrader_E8_E7,8.85,1e-05
Al_degrader_E8_E7,8.91,1.1727272727272728e-05
Al_degrader_E8_E7,8.969999999999999,1.4e-05
Al_degrader_E8_E7,9.030000000000001,1.5227272727272727e-05
Al_degrader_E8_E7,9.09,1.8954545454545455e-05
Al_degrader_E8_E7,9.149999999999999,2.0136363636363637e-05
Al_degrader_E8_E7,9.21,2.5318181818181818e-05
Al_degrader_E8_E7,9.27,2.8318181818181817e-05
Al_degrader_E8_E7,9.329999999999998,3.240909090909091e-05
Al_degrader_E8_E7,9.39,3.986363636363636e-05
Al_degrader_E8_E7,9.45,4.154545454545455e-05
Al_degrader_E8_E7,9.51,5.2045454545454546e-05
Al_degrader_E8_E7,9.57,5.75e-05
Al_degrader_E8_E7,9.629999999999999,6.872727272727273e-05
Al_degrader_E8_E7,9.69,7.345454545454545e-05
Al_degrader_E8_E7,9.75,8.686363636363636e-05
Al_degrader_E8_E7,9.809999999999999,0.00010136363636363636
Al_degrader_E8_E7,9.870000000000001,0.00011822727272727272
Al_degrader_E8_E7,9.93,0.00012977272727272726
Al_degrader_E8_E7,9.989999999999998,0.00014604545454545455
Al_degrader_E8_E7,10.05,0.00017427272727272729
Al_degrader_E8_E7,10.11,0.00019113636363636365
Al_degrader_E8_E7,10.169999999999998,0.0002204090909090909
Al_degrader_E8_E7,10.23,0.00023886363636363637
Al_degrader_E8_E7,10.29,0.0002795454545454545
Al_degrader_E8_E7,10.35,0.0003114545454545455
Al_degrader_E8_E7,10.41,0.0003543636363636364
Al_degrader_E8_E7,10.469999999999999,0.00038354545454545455
Al_degrader_E8_E7,10.53,0.0004380454545454545
Al_degrader_E8_E7,10.59,0.0004907727272727273
Al_degrader_E8_E7,10.649999999999999,0.0005549090909090909
Al_degrader_E8_E7,10.71,0.0006087272727272727
Al_degrader_E8_E7,10.77,0.0006745
Al_degrader_E8_E7,10.829999999999998,0.0007560454545454546
Al_degrader_E8_E7,10.89,0.0008418181818181819
Al_degrader_E8_E7,10.95,0.0009163181818181818
Al_degrader_E8_E7,11.01,0.0010171818181818181
Al_degrader_E8_E7,11.07,0.0011225
Al_degrader_E8_E7,11.129999999999999,0.0012406363636363637
Al_degrader_E8_E7,11.19,0.0013460909090909092
Al_degrader_E8_E7,11.25,0.0014728636363636363
Al_degrader_E8_E7,11.309999999999999,0.0016248636363636363
Al_degrader_E8_E7,11.370000000000001,0.001766
Al_degrader_E8_E7,11.43,0.0019119545454545455
Al_degrader_E8_E7,11.489999999999998,0.0020762272727272726
Al_degrader_E8_E7,11.55,0.0022660454545454546
Al_degrader_E8_E7,11.61,0.002440681818181818
Al_degrader_E8_E7,11.669999999999998,0.0026265454545454548
Al_degrader_E8_E7,11.73,0.0028509545454545454
Al_degrader_E8_E7,11.79,0.0030482272727272728
Al_degrader_E8_E7,11.85,0.0032738636363636364
Al_degrader_E8_E7,11.91,0.0035016363636363635
Al_degrader_E8_E7,11.969999999999999,0.0037705454545454544
Al_degrader_E8_E7,12.03,0.003991545454545454
Al_degrader_E8_E7,12.09,0.004261090909090909
Al_degrader_E8_E7,12.149999999999999,0.004529
Al_degrader_E8_E7,12.21,0.004814454545454545
Al_degrader_E8_E7,12.27,0.005080772727272727
Al_degrader_E8_E7,12.329999999999998,0.005365136363636364
Al_degrader_E8_E7,12.39,0.005675727272727272
Al_degrader_E8_E7,12.45,0.005953909090909091
Al_degrader_E8_E7,12.51,0.006255863636363637
Al_degrader_E8_E7,12.57,0.006568090909090909
Al_degrader_E8_E7,12.629999999999999,0.006882409090909091
Al_degrader_E8_E7,12.69,0.007148909090909091
Al_degrader_E8_E7,12.75,0.007501772727272728
Al_degrader_E8_E7,12.809999999999999,0.007789363636363636
Al_degrader_E8_E7,12.870000000000001,0.008078590909090909
Al_degrader_E8_E7,12.93,0.008392909090909091
Al_degrader_E8_E7,12.989999999999998,0.008713045454545454
Al_degrader_E8_E7,13.05,0.009009727272727273
Al_degrader_E8_E7,13.11,0.009241454545454546
Al_degrader_E8_E7,13.169999999999998,0.009590363636363636
Al_degrader_E8_E7,13.23,0.009844272727272728
Al_degrader_E8_E7,13.29,0.010088045454545454
Al_degrader_E8_E7,13.35,0.010367136363636363
Al_degrader_E8_E7,13.41,0.010649772727272726
Al_degrader_E8_E7,13.469999999999999,0.010890636363636364
Al_degrader_E8_E7,13.53,0.011098636363636364
Al_degrader_E8_E7,13.59,0.011349454545454546
Al_degrader_E8_E7,13.649999999999999,0.011585636363636364
Al_degrader_E8_E7,13.71,0.011745818181818182
Al_degrader_E8_E7,13.77,0.012000318181818181
Al_degrader_E8_E7,13.829999999999998,0.012148136363636364
Al_degrader_E8_E7,13.89,0.012334045454545455
Al_degrader_E8_E7,13.95,0.012498909090909092
Al_degrader_E8_E7,14.009999999999998,0.0126815
Al_degrader_E8_E7,14.07,0.012839818181818181
Al_degrader_E8_E7,14.129999999999999,0.012937636363636363
Al_degrader_E8_E7,14.19,0.013107954545454546
Al_degrader_E8_E7,14.25,0.013222136363636363
Al_degrader_E8_E7,14.309999999999999,0.013317727272727273
Al_degrader_E8_E7,14.37,0.013462772727272728
Al_degrader_E8_E7,14.43,0.013521
Al_degrader_E8_E7,14.489999999999998,0.013620318181818181
Al_degrader_E8_E7,14.55,0.013704318181818182
Al_degrader_E8_E7,14.61,0.013768272727272728
Al_degrader_E8_E7,14.669999999999998,0.013836272727272727
Al_degrader_E8_E7,14.73,0.013872636363636363
Al_degrader_E8_E7,14.79,0.013947045454545455
Al_degrader_E8_E7,14.85,0.0139865
Al_degrader_E8_E7,14.91,0.01396309090909091
Al_degrader_E8_E7,14.969999999999999,0.014044136363636363
Al_degrader_E8_E7,15.03,0.014035090909090909
Al_degrader_E8_E7,15.09,0.013989045454545455
Al_degrader_E8_E7,15.149999999999999,0.014033909090909092
Al_degrader_E8_E7,15.21,0.01399109090909091
Al_degrader_E8_E7,15.27,0.013899772727272728
Al_degrader_E8_E7,15.329999999999998,0.013934818181818182
Al_degrader_E8_E7,15.39,0.01382840909090909
Al_degrader_E8_E7,15.45,0.013723954545454546
Al_degrader_E8_E7,15.509999999999998,0.013692181818181819
Al_degrader_E8_E7,15.57,0.013548181818181819
Al_degrader_E8_E7,15.629999999999999,0.013395363636363636
Al_degrader_E8_E7,15.69,0.013307727272727273
Al_degrader_E8_E7,15.75,0.0131065
Al_degrader_E8_E7,15.809999999999999,0.012916590909090909
Al_degrader_E8_E7,15.87,0.012758
Al_degrader_E8_E7,15.93,0.012515590909090909
Al_degrader_E8_E7,15.989999999999998,0.012261863636363637
Al_degrader_E8_E7,16.049999999999997,0.012050818181818182
Al_degrader_E8_E7,16.11,0.011737863636363637
Al_degrader_E8_E7,16.17,0.011423545454545455
Al_degrader_E8_E7,16.229999999999997,0.011174954545454545
Al_degrader_E8_E7,16.29,0.010802454545454546
Al_degrader_E8_E7,16.35,0.010422863636363636
Al_degrader_E8_E7,16.409999999999997,0.010144363636363637
Al_degrader_E8_E7,16.47,0.009712227272727273
Al_degrader_E8_E7,16.53,0.009303
Al_degrader_E8_E7,16.59,0.008976863636363637
Al_degrader_E8_E7,16.65,0.008518363636363636
Al_degrader_E8_E7,16.71,0.008108727272727273
Al_degrader_E8_E7,16.77,0.007723590909090909
Al_degrader_E8_E7,16.83,0.007278954545454545
Al_degrader_E8_E7,16.89,0.006859181818181818
Al_degrader_E8_E7,16.95,0.0064554545454545455
Al_degrader_E8_E7,17.009999999999998,0.006047727272727272
Al_degrader_E8_E7,17.07,0.0056293181818181815
Al_degrader_E8_E7,17.13,0.0052175
Al_degrader_E8_E7,17.189999999999998,0.004850045454545455
Al_degrader_E8_E7,17.25,0.004468454545454545
Al_degrader_E8_E7,17.310000000000002,0.004087954545454546
Al_degrader_E8_E7,17.369999999999997,0.003765909090909091
Al_degrader_E8_E7,17.43,0.0034348636363636365
Al_degrader_E8_E7,17.490000000000002,0.0030827727272727274
Al_degrader_E8_E7,17.549999999999997,0.0027957727272727275
Al_degrader_E8_E7,17.61,0.0025312272727272727
Al_degrader_E8_E7,17.67,0.0022513636363636364
Al_degrader_E8_E7,17.729999999999997,0.0020175
Al_degrader_E8_E7,17.79,0.0017865
Al_degrader_E8_E7,17.85,0.0015834090909090908
Al_degrader_E8_E7,17.909999999999997,0.0014035
Al_degrader_E8_E7,17.97,0.0012205454545454546
Al_degrader_E8_E7,18.03,0.0010645
Al_degrader_E8_E7,18.09,0.0009289090909090909
Al_degrader_E8_E7,18.15,0.0007916818181818182
Al_degrader_E8_E7,18.21,0.0006844545454545455
Al_degrader_E8_E7,18.27,0.0005914545454545454
Al_degrader_E8_E7,18.33,0.0004935454545454545
Al_degrader_E8_E7,18.39,0.0004261363636363636
Al_degrader_E8_E7,18.45,0.00035468181818181817
Al_degrader_E8_E7,18.509999999999998,0.00029777272727272725
Al_degrader_E8_E7,18.57,0.00025336363636363637
Al_degrader_E8_E7,18.63,0.00020418181818181817
Al_degrader_E8_E7,18.689999999999998,0.0001695
Al_degrader_E8_E7,18.75,0.00014259090909090908
Al_degrader_E8_E7,18.81,0.00011272727272727272
Al_degrader_E8_E7,18.869999999999997,9.5e-05
Al_degrader_E8_E7,18.93,7.559090909090909e-05
Al_degrader_E8_E7,18.990000000000002,6.386363636363637e-05
Al_degrader_E8_E7,19.049999999999997,4.904545454545455e-05
Al_degrader_E8_E7,19.11,3.909090909090909e-05
Al_degrader_E8_E7,19.17,3.240909090909091e-05
Al_degrader_E8_E7,19.229999999999997,2.281818181818182e-05
Al_degrader_E8_E7,19.29,2.009090909090909e-05
Al_degrader_E8_E7,19.35,1.4636363636363637e-05
Al_degrader_E8_E7,19.409999999999997,1.0863636363636364e-05
Al_degrader_E8_E7,19.47,9.636363636363636e-06
Al_degrader_E8_E7,19.53,6.090909090909091e-06
Al_degrader_E8_E7,19.59,5.318181818181818e-06
Al_degrader_E8_E7,19.65,3.772727272727273e-06
Al_degrader_E8_E7,19.71,2e-06
Al_degrader_E8_E7,19.77,2.4545454545454544e-06
Al_degrader_E8_E7,19.83,1.5e-06
Al_degrader_E8_E7,19.89,1.2272727272727272e-06
Al_degrader_E8_E7,19.95,7.727272727272727e-07
Al_degrader_E8_E7,20.009999999999998,8.181818181818182e-07
Al_degrader_E8_E7,20.07,5e-07
Al_degrader_E8_E7,20.13,2.7272727272727274e-07
Al_degrader_E8_E7,20.189999999999998,1.8181818181818183e-07
Al_degrader_E8_E7,20.25,2.2727272727272726e-07
Al_degrader_E8_E7,20.31,9.090909090909091e-08
Al_degrader_E8_E7,20.369999999999997,4.545454545454546e-08
Al_degrader_E8_E7,20.43,9.090909090909091e-08
Al_degrader_E8_E7,20.490000000000002,4.545454545454546e-08
Al_degrader_E8_E7,20.549999999999997,4.545454545454546e-08
Al_degrader_E8_E7,20.61,4.545454545454546e-08
Al_degrader_E8_E7,20.67,0.0
Al_degrader_E8_E7,20.729999999999997,0.0
Al_degrader_E8_E7,20.79,4.545454545454546e-08
Ni12,5.55,1.6666666666666668e-07
Ni12,5.609999999999999,3.3333333333333335e-07
Ni12,5.67,1.6666666666666668e-07
Ni12,5.73,0.0
Ni12,5.789999999999999,1.6666666666666668e-07
Ni12,5.85,3.3333333333333335e-07
Ni12,5.91,3.3333333333333335e-07
Ni12,5.97,0.0
Ni12,6.029999999999999,1.6666666666666668e-07
Ni12,6.09,6.666666666666667e-07
Ni12,6.15,5e-07
Ni12,6.21,3.3333333333333335e-07
Ni12,6.27,8.333333333333333e-07
Ni12,6.33,1e-06
Ni12,6.39,5e-07
Ni12,6.449999999999999,1.1666666666666666e-06
Ni12,6.51,1.5e-06
Ni12,6.57,8.333333333333333e-07
Ni12,6.63,2.333333333333333e-06
Ni12,6.6899999999999995,1.6666666666666667e-06
Ni12,6.75,2.666666666666667e-06
Ni12,6.81,2.5e-06
Ni12,6.869999999999999,2.333333333333333e-06
Ni12,6.93,3e-06
Ni12,6.99,3.833333333333334e-06
Ni12,7.05,4e-06
Ni12,7.109999999999999,4.666666666666666e-06
Ni12,7.17,7.666666666666667e-06
Ni12,7.2299999999999995,7.666666666666667e-06
Ni12,7.289999999999999,8.833333333333334e-06
Ni12,7.35,1.1e-05
Ni12,7.41,1.2333333333333333e-05
Ni12,7.47,1.45e-05
Ni12,7.529999999999999,1.85e-05
Ni12,7.59,2.0166666666666668e-05
Ni12,7.65,2.0666666666666666e-05
Ni12,7.709999999999999,2.85e-05
Ni12,7.77,2.8666666666666668e-05
Ni12,7.83,3.35e-05
Ni12,7.89,4.0333333333333336e-05
Ni12,7.949999999999999,4.566666666666667e-05
Ni12,8.01,5.133333333333333e-05
Ni12,8.07,6.0333333333333334e-05
Ni12,8.129999999999999,7.1e-05
Ni12,8.19,7.766666666666667e-05
Ni12,8.25,9.333333333333333e-05
Ni12,8.309999999999999,0.0001015
Ni12,8.370000000000001,0.0001185
Ni12,8.43,0.000135
Ni12,8.489999999999998,0.00015633333333333333
Ni12,8.55,0.0001775
Ni12,8.61,0.00019533333333333333
Ni12,8.67,0.00023866666666666668
Ni12,8.73,0.0002666666666666667
Ni12,8.79,0.0002953333333333333
Ni12,8.85,0.0003418333333333333
Ni12,8.91,0.0003785
Ni12,8.969999999999999,0.000437
Ni12,9.030000000000001,0.000513
Ni12,9.09,0.0005556666666666667
Ni12,9.149999999999999,0.0006238333333333333
Ni12,9.21,0.000736
Ni12,9.27,0.0007988333333333334
Ni12,9.329999999999998,0.0008983333333333333
Ni12,9.39,0.001041
Ni12,9.45,0.0011131666666666666
Ni12,9.51,0.0012883333333333334
Ni12,9.57,0.0014081666666666667
Ni12,9.629999999999999,0.001556
Ni12,9.69,0.0017665
Ni12,9.75,0.0019056666666666666
Ni12,9.809999999999999,0.0021203333333333334
Ni12,9.870000000000001,0.0024076666666666665
Ni12,9.93,0.0026028333333333333
Ni12,9.989999999999998,0.0028908333333333334
Ni12,10.05,0.0031618333333333333
Ni12,10.11,0.0034776666666666667
Ni12,10.169999999999998,0.003814333333333333
Ni12,10.23,0.0041415
Ni12,10.29,0.0044835
Ni12,10.35,0.00495
Ni12,10.41,0.005340666666666666
Ni12,10.469999999999999,0.0057985
Ni12,10.53,0.0062795
Ni12,10.59,0.006730166666666666
Ni12,10.649999999999999,0.007305
Ni12,10.71,0.0078123333333333335
Ni12,10.77,0.008368833333333334
Ni12,10.829999999999998,0.0089595
Ni12,10.89,0.0095245
Ni12,10.95,0.010152666666666667
Ni12,11.01,0.010792833333333333
Ni12,11.07,0.011428166666666666
Ni12,11.129999999999999,0.012105666666666667
Ni12,11.19,0.012758
Ni12,11.25,0.0134045
Ni12,11.309999999999999,0.014064
Ni12,11.370000000000001,0.014731
Ni12,11.43,0.015359666666666667
Ni12,11.489999999999998,0.0160535
Ni12,11.55,0.016696833333333334
Ni12,11.61,0.017252166666666666
Ni12,11.669999999999998,0.017913833333333334
Ni12,11.73,0.018338166666666666
Ni12,11.79,0.018946333333333332
Ni12,11.85,0.0193775
Ni12,11.91,0.019787166666666668
Ni12,11.969999999999999,0.020251333333333333
Ni12,12.03,0.020513
Ni12,12.09,0.020886
Ni12,12.149999999999999,0.020994
Ni12,12.21,0.021374833333333332
Ni12,12.27,0.021313666666666668
Ni12,12.329999999999998,0.021457833333333332
Ni12,12.39,0.021482666666666667
Ni12,12.45,0.021253333333333332
Ni12,12.51,0.02127216666666667
Ni12,12.57,0.021040333333333334
Ni12,12.629999999999999,0.020767833333333333
Ni12,12.69,0.020399833333333332
Ni12,12.75,0.020116833333333334
Ni12,12.809999999999999,0.019637666666666668
Ni12,12.870000000000001,0.019277333333333334
Ni12,12.93,0.018694333333333334
Ni12,12.989999999999998,0.018169
Ni12,13.05,0.017525166666666668
Ni12,13.11,0.016829333333333335
Ni12,13.169999999999998,0.0162165
Ni12,13.23,0.015467833333333333
Ni12,13.29,0.014846
Ni12,13.35,0.014062
Ni12,13.41,0.013360666666666667
Ni12,13.469999999999999,0.012606
Ni12,13.53,0.011915666666666666
Ni12,13.59,0.011095166666666666
Ni12,13.649999999999999,0.010416166666666667
Ni12,13.71,0.009646
Ni12,13.77,0.008994166666666666
Ni12,13.829999999999998,0.008318166666666666
Ni12,13.89,0.0076423333333333334
Ni12,13.95,0.0070578333333333335
Ni12,14.009999999999998,0.00644
Ni12,14.07,0.005904166666666667
Ni12,14.129999999999999,0.0053521666666666665
Ni12,14.19,0.004853166666666667
Ni12,14.25,0.004350666666666667
Ni12,14.309999999999999,0.003923833333333333
Ni12,14.37,0.0034965
Ni12,14.43,0.0031428333333333334
Ni12,14.489999999999998,0.0027633333333333334
Ni12,14.55,0.0024633333333333334
Ni12,14.61,0.0021441666666666666
Ni12,14.669999999999998,0.0019008333333333334
Ni12,14.73,0.0016438333333333333
Ni12,14.79,0.0014378333333333333
Ni12,14.85,0.0012458333333333334
Ni12,14.91,0.0010823333333333334
Ni12,14.969999999999999,0.0009353333333333334
Ni12,15.03,0.0007968333333333333
Ni12,15.09,0.0006845
Ni12,15.149999999999999,0.0005813333333333333
Ni12,15.21,0.0004903333333333333
Ni12,15.27,0.0004195
Ni12,15.329999999999998,0.00035516666666666666
Ni12,15.39,0.00029666666666666665
Ni12,15.45,0.0002441666666666667
Ni12,15.509999999999998,0.00021116666666666666
Ni12,15.57,0.00016883333333333334
Ni12,15.629999999999999,0.00014283333333333333
Ni12,15.69,0.00010916666666666667
Ni12,15.75,9.45e-05
Ni12,15.809999999999999,7.316666666666667e-05
Ni12,15.87,6.45e-05
Ni12,15.93,4.6666666666666665e-05
Ni12,15.989999999999998,4.1e-05
Ni12,16.049999999999997,2.75e-05
Ni12,16.11,2.4e-05
Ni12,16.17,1.7833333333333334e-05
Ni12,16.229999999999997,1.4333333333333334e-05
Ni12,16.29,9.666666666666667e-06
Ni12,16.35,9.833333333333333e-06
Ni12,16.409999999999997,7.166666666666667e-06
Ni12,16.47,4.333333333333333e-06
Ni12,16.53,4.5e-06
Ni12,16.59,3.6666666666666666e-06
Ni12,16.65,2.666666666666667e-06
Ni12,16.71,1.8333333333333333e-06
Ni12,16.77,1.3333333333333334e-06
Ni12,16.83,6.666666666666667e-07
Ni12,16.89,1e-06
Ni12,16.95,3.3333333333333335e-07
Ni12,17.009999999999998,5e-07
Ni12,17.07,3.3333333333333335e-07
Ni12,17.13,3.3333333333333335e-07
Ni12,17.189999999999998,1.6666666666666668e-07
Ni12,17.25,1.6666666666666668e-07
Ni12,17.310000000000002,1.6666666666666668e-07
Ni12,17.369999999999997,0.0
Ni12,17.43,1.6666666666666668e-07
Ni12,17.490000000000002,1.6666666666666668e-07
Sn12,5.25,3.3333333333333335e-07
Sn12,5.31,6.666666666666667e-07
Sn12,5.369999999999999,3.3333333333333335e-07
Sn12,5.43,1e-06
Sn12,5.49,3.3333333333333335e-07
Sn12,5.55,3.3333333333333335e-07
Sn12,5.609999999999999,1e-06
Sn12,5.67,3.3333333333333335e-07
Sn12,5.73,0.0
Sn12,5.789999999999999,6.666666666666667e-07
Sn12,5.85,3.3333333333333335e-07
Sn12,5.91,1.6666666666666667e-06
Sn12,5.97,6.666666666666667e-07
Sn12,6.029999999999999,1.3333333333333334e-06
Sn12,6.09,1.6666666666666667e-06
Sn12,6.15,2.333333333333333e-06
Sn12,6.21,1.6666666666666667e-06
Sn12,6.27,1.6666666666666667e-06
Sn12,6.33,5e-06
Sn12,6.39,2.666666666666667e-06
Sn12,6.449999999999999,3e-06
Sn12,6.51,6.333333333333333e-06
Sn12,6.57,2e-06
Sn12,6.63,8e-06
Sn12,6.6899999999999995,3.6666666666666666e-06
Sn12,6.75,8.333333333333334e-06
Sn12,6.81,5e-06
Sn12,6.869999999999999,1.1666666666666666e-05
Sn12,6.93,1.1666666666666666e-05
Sn12,6.99,1.4666666666666666e-05
Sn12,7.05,1.9666666666666666e-05
Sn12,7.109999999999999,1.7333333333333332e-05
Sn12,7.17,2.9333333333333333e-05
Sn12,7.2299999999999995,2.6333333333333334e-05
Sn12,7.289999999999999,3.366666666666667e-05
Sn12,7.35,4e-05
Sn12,7.41,3.9e-05
Sn12,7.47,5.2e-05
Sn12,7.529999999999999,5.0333333333333335e-05
Sn12,7.59,6.2e-05
Sn12,7.65,6.0666666666666666e-05
Sn12,7.709999999999999,8.2e-05
Sn12,7.77,8.266666666666667e-05
Sn12,7.83,0.00010233333333333333
Sn12,7.89,0.000112
Sn12,7.949999999999999,0.000133
Sn12,8.01,0.00015233333333333334
Sn12,8.07,0.000163
Sn12,8.129999999999999,0.00020233333333333334
Sn12,8.19,0.00021166666666666667
Sn12,8.25,0.00025633333333333335
Sn12,8.309999999999999,0.0002843333333333333
Sn12,8.370000000000001,0.00031966666666666667
Sn12,8.43,0.0003736666666666667
Sn12,8.489999999999998,0.00041933333333333335
Sn12,8.55,0.0004823333333333333
Sn12,8.61,0.0005266666666666667
Sn12,8.67,0.000607
Sn12,8.73,0.0006683333333333333
Sn12,8.79,0.0007656666666666667
Sn12,8.85,0.0008673333333333333
Sn12,8.91,0.0009366666666666667
Sn12,8.969999999999999,0.0011076666666666667
Sn12,9.030000000000001,0.0012236666666666667
Sn12,9.09,0.0013416666666666666
Sn12,9.149999999999999,0.0015063333333333333
Sn12,9.21,0.0016213333333333334
Sn12,9.27,0.001858
Sn12,9.329999999999998,0.002011666666666667
Sn12,9.39,0.002203
Sn12,9.45,0.00245
Sn12,9.51,0.0026646666666666667
Sn12,9.57,0.002939666666666667
Sn12,9.629999999999999,0.0032433333333333333
Sn12,9.69,0.0035756666666666667
Sn12,9.75,0.003951666666666667
Sn12,9.809999999999999,0.004272666666666667
Sn12,9.870000000000001,0.004687666666666666
Sn12,9.93,0.005092333333333333
Sn12,9.989999999999998,0.005453
Sn12,10.05,0.005919333333333334
Sn12,10.11,0.00637
Sn12,10.169999999999998,0.006861
Sn12,10.23,0.007387333333333333
Sn12,10.29,0.00789
Sn12,10.35,0.008557666666666667
Sn12,10.41,0.009030666666666666
Sn12,10.469999999999999,0.009648333333333333
Sn12,10.53,0.010250666666666667
Sn12,10.59,0.010898666666666666
Sn12,10.649999999999999,0.011505333333333333
Sn12,10.71,0.012107
Sn12,10.77,0.012746
Sn12,10.829999999999998,0.013563333333333333
Sn12,10.89,0.014092
Sn12,10.95,0.014747333333333333
Sn12,11.01,0.015493666666666666
Sn12,11.07,0.015994666666666667
Sn12,11.129999999999999,0.016682666666666665
Sn12,11.19,0.017188666666666668
Sn12,11.25,0.017804
Sn12,11.309999999999999,0.018495333333333332
Sn12,11.370000000000001,0.018822666666666668
Sn12,11.43,0.019415333333333333
Sn12,11.489999999999998,0.019817333333333333
Sn12,11.55,0.020192666666666668
Sn12,11.61,0.020395
Sn12,11.669999999999998,0.020706333333333334
Sn12,11.73,0.020904666666666665
Sn12,11.79,0.021092666666666666
Sn12,11.85,0.021226
Sn12,11.91,0.021238666666666666
Sn12,11.969999999999999,0.021264666666666668
Sn12,12.03,0.021192333333333334
Sn12,12.09,0.021096666666666666
Sn12,12.149999999999999,0.020930333333333332
Sn12,12.21,0.020786666666666665
Sn12,12.27,0.020303
Sn12,12.329999999999998,0.019994666666666668
Sn12,12.39,0.019589666666666665
Sn12,12.45,0.018897666666666667
Sn12,12.51,0.018386666666666666
Sn12,12.57,0.017876333333333334
Sn12,12.629999999999999,0.017317333333333334
Sn12,12.69,0.016861666666666667
Sn12,12.75,0.016195666666666667
Sn12,12.809999999999999,0.015489666666666667
Sn12,12.870000000000001,0.014834
Sn12,12.93,0.013974333333333333
Sn12,12.989999999999998,0.013291333333333334
Sn12,13.05,0.012463666666666666
Sn12,13.11,0.011721
Sn12,13.169999999999998,0.011046666666666666
Sn12,13.23,0.010184
Sn12,13.29,0.009644333333333333
Sn12,13.35,0.008916
Sn12,13.41,0.008319333333333333
Sn12,13.469999999999999,0.007671666666666667
Sn12,13.53,0.0071003333333333335
Sn12,13.59,0.006431333333333333
Sn12,13.649999999999999,0.005847666666666667
Sn12,13.71,0.005331
Sn12,13.77,0.004843333333333333
Sn12,13.829999999999998,0.004380666666666666
Sn12,13.89,0.003954
Sn12,13.95,0.0035
Sn12,14.009999999999998,0.0031263333333333334
Sn12,14.07,0.0027656666666666667
Sn12,14.129999999999999,0.002435
Sn12,14.19,0.0021676666666666667
Sn12,14.25,0.0019026666666666667
Sn12,14.309999999999999,0.0016823333333333334
Sn12,14.37,0.0014543333333333333
Sn12,14.43,0.001252
Sn12,14.489999999999998,0.0010663333333333334
Sn12,14.55,0.0009303333333333334
Sn12,14.61,0.0008023333333333333
Sn12,14.669999999999998,0.0006876666666666666
Sn12,14.73,0.0005853333333333333
Sn12,14.79,0.0005013333333333333
Sn12,14.85,0.0004366666666666667
Sn12,14.91,0.0003696666666666667
Sn12,14.969999999999999,0.000314
Sn12,15.03,0.00025466666666666666
Sn12,15.09,0.0002
Sn12,15.149999999999999,0.00017133333333333334
Sn12,15.21,0.000142
Sn12,15.27,0.00011866666666666667
Sn12,15.329999999999998,0.0001
Sn12,15.39,7.8e-05
Sn12,15.45,6.666666666666667e-05
Sn12,15.509999999999998,4.933333333333333e-05
Sn12,15.57,3.8333333333333334e-05
Sn12,15.629999999999999,3.1e-05
Sn12,15.69,2.1e-05
Sn12,15.75,1.633333333333333e-05
Sn12,15.809999999999999,1.6666666666666667e-05
Sn12,15.87,9.333333333333333e-06
Sn12,15.93,8.666666666666666e-06
Sn12,15.989999999999998,8.666666666666666e-06
Sn12,16.049999999999997,7.333333333333333e-06
Sn12,16.11,5.333333333333334e-06
Sn12,16.17,3e-06
Sn12,16.229999999999997,2.666666666666667e-06
Sn12,16.29,1.6666666666666667e-06
Sn12,16.35,2e-06
Sn12,16.409999999999997,6.666666666666667e-07
Sn12,16.47,0.0
Sn12,16.53,6.666666666666667e-07
Sn12,16.59,6.666666666666667e-07
Sn12,16.65,3.3333333333333335e-07
Sn12,16.71,3.3333333333333335e-07
Sn12,16.77,0.0
Sn12,16.83,3.3333333333333335e-07
Sn12,16.89,3.3333333333333335e-07
Sn12,16.95,0.0
Sn12,17.009999999999998,3.3333333333333335e-07
Ta12,4.29,2e-07
Ta12,4.35,4e-07
Ta12,4.41,2e-07
Ta12,4.47,0.0
Ta12,4.529999999999999,2e-07
Ta12,4.59,4e-07
Ta12,4.65,2e-07
Ta12,4.71,2e-07
Ta12,4.77,2e-07
Ta12,4.83,6e-07
Ta12,4.89,2e-07
Ta12,4.949999999999999,4e-07
Ta12,5.01,6e-07
Ta12,5.07,1e-06
Ta12,5.13,6e-07
Ta12,5.1899999999999995,6e-07
Ta12,5.25,1e-06
Ta12,5.31,1.6e-06
Ta12,5.369999999999999,1.6e-06
Ta12,5.43,8e-07
Ta12,5.49,2.2e-06
Ta12,5.55,1.6e-06
Ta12,5.609999999999999,2.2e-06
Ta12,5.67,2.6e-06
Ta12,5.73,3e-06
Ta12,5.789999999999999,3e-06
Ta12,5.85,2.6e-06
Ta12,5.91,5e-06
Ta12,5.97,3.8e-06
Ta12,6.029999999999999,5e-06
Ta12,6.09,7.8e-06
Ta12,6.15,8.4e-06
Ta12,6.21,7.4e-06
Ta12,6.27,1.14e-05
Ta12,6.33,1.24e-05
Ta12,6.39,1.36e-05
Ta12,6.449999999999999,1.64e-05
Ta12,6.51,1.98e-05
Ta12,6.57,2.1e-05
Ta12,6.63,2.36e-05
Ta12,6.6899999999999995,3.02e-05
Ta12,6.75,3e-05
Ta12,6.81,3.66e-05
Ta12,6.869999999999999,4.18e-05
Ta12,6.93,4.12e-05
Ta12,6.99,5.44e-05
Ta12,7.05,6.14e-05
Ta12,7.109999999999999,6.5e-05
Ta12,7.17,7.6e-05
Ta12,7.2299999999999995,8.5e-05
Ta12,7.289999999999999,9.8e-05
Ta12,7.35,0.00011
Ta12,7.41,0.000122
Ta12,7.47,0.0001416
Ta12,7.529999999999999,0.0001584
Ta12,7.59,0.0001834
Ta12,7.65,0.0002022
Ta12,7.709999999999999,0.0002282
Ta12,7.77,0.0002678
Ta12,7.83,0.0002948
Ta12,7.89,0.000331
Ta12,7.949999999999999,0.000381
Ta12,8.01,0.0004064
Ta12,8.07,0.0004742
Ta12,8.129999999999999,0.0005516
Ta12,8.19,0.0005834
Ta12,8.25,0.0006674
Ta12,8.309999999999999,0.0007596
Ta12,8.370000000000001,0.0008362
Ta12,8.43,0.0009198
Ta12,8.489999999999998,0.0010614
Ta12,8.55,0.0011356
Ta12,8.61,0.0012442
Ta12,8.67,0.0014528
Ta12,8.73,0.0015212
Ta12,8.79,0.001727
Ta12,8.85,0.001918
Ta12,8.91,0.0020308
Ta12,8.969999999999999,0.0022884
Ta12,9.030000000000001,0.0025234
Ta12,9.09,0.002756
Ta12,9.149999999999999,0.0030196
Ta12,9.21,0.0032632
Ta12,9.27,0.0035922
Ta12,9.329999999999998,0.0038956
Ta12,9.39,0.004219
Ta12,9.45,0.0045742
Ta12,9.51,0.0049636
Ta12,9.57,0.005407
Ta12,9.629999999999999,0.005742
Ta12,9.69,0.0062402
Ta12,9.75,0.0067252
Ta12,9.809999999999999,0.007175
Ta12,9.870000000000001,0.0076234
Ta12,9.93,0.00815
Ta12,9.989999999999998,0.0087232
Ta12,10.05,0.009256
Ta12,10.11,0.0098328
Ta12,10.169999999999998,0.0103778
Ta12,10.23,0.0109902
Ta12,10.29,0.011572
Ta12,10.35,0.0122304
Ta12,10.41,0.0128178
Ta12,10.469999999999999,0.013395
Ta12,10.53,0.0139984
Ta12,10.59,0.014603
Ta12,10.649999999999999,0.0152396
Ta12,10.71,0.0158086
Ta12,10.77,0.016401
Ta12,10.829999999999998,0.0169042
Ta12,10.89,0.0174832
Ta12,10.95,0.017915
Ta12,11.01,0.018335
Ta12,11.07,0.0188718
Ta12,11.129999999999999,0.0191682
Ta12,11.19,0.0195672
Ta12,11.25,0.0198224
Ta12,11.309999999999999,0.02005
Ta12,11.370000000000001,0.0203374
Ta12,11.43,0.0203754
Ta12,11.489999999999998,0.0206032
Ta12,11.55,0.0205114
Ta12,11.61,0.0206244
Ta12,11.669999999999998,0.020579
Ta12,11.73,0.020354
Ta12,11.79,0.020281
Ta12,11.85,0.0199586
Ta12,11.91,0.0197158
Ta12,11.969999999999999,0.0193104
Ta12,12.03,0.019013
Ta12,12.09,0.018544
Ta12,12.149999999999999,0.0181194
Ta12,12.21,0.0176246
Ta12,12.27,0.0170176
Ta12,12.329999999999998,0.0164764
Ta12,12.39,0.0157972
Ta12,12.45,0.0152244
Ta12,12.51,0.0145522
Ta12,12.57,0.013874
Ta12,12.629999999999999,0.0132688
Ta12,12.69,0.0125142
Ta12,12.75,0.0118308
Ta12,12.809999999999999,0.011102
Ta12,12.870000000000001,0.0104652
Ta12,12.93,0.0097674
Ta12,12.989999999999998,0.0091454
Ta12,13.05,0.0084562
Ta12,13.11,0.0078724
Ta12,13.169999999999998,0.007261
Ta12,13.23,0.0066806
Ta12,13.29,0.0061718
Ta12,13.35,0.0056298
Ta12,13.41,0.005135
Ta12,13.469999999999999,0.0046356
Ta12,13.53,0.0042032
Ta12,13.59,0.0037722
Ta12,13.649999999999999,0.0034052
Ta12,13.71,0.0030384
Ta12,13.77,0.0027334
Ta12,13.829999999999998,0.0023826
Ta12,13.89,0.002156
Ta12,13.95,0.0018398
Ta12,14.009999999999998,0.0016562
Ta12,14.07,0.0014194
Ta12,14.129999999999999,0.0012734
Ta12,14.19,0.0010778
Ta12,14.25,0.000952
Ta12,14.309999999999999,0.000802
Ta12,14.37,0.0006992
Ta12,14.43,0.0006146
Ta12,14.489999999999998,0.0005016
Ta12,14.55,0.0004456
Ta12,14.61,0.0003726
Ta12,14.669999999999998,0.0003186
Ta12,14.73,0.000258
Ta12,14.79,0.000227
Ta12,14.85,0.0001856
Ta12,14.91,0.0001558
Ta12,14.969999999999999,0.0001224
Ta12,15.03,0.000106
Ta12,15.09,8.02e-05
Ta12,15.149999999999999,7.3e-05
Ta12,15.21,5.6e-05
Ta12,15.27,4.66e-05
Ta12,15.329999999999998,3.36e-05
Ta12,15.39,2.7e-05
Ta12,15.45,2.22e-05
Ta12,15.509999999999998,1.8e-05
Ta12,15.57,1.08e-05
Ta12,15.629999999999999,1.22e-05
Ta12,15.69,8.2e-06
Ta12,15.75,7e-06
Ta12,15.809999999999999,4.8e-06
Ta12,15.87,4.6e-06
Ta12,15.93,3.2e-06
Ta12,15.989999999999998,3.4e-06
Ta12,16.049999999999997,1.2e-06
Ta12,16.11,1.4e-06
Ta12,16.17,8e-07
Ta12,16.229999999999997,1e-06
Ta12,16.29,2e-07
Ta12,16.35,6e-07
Ta12,16.409999999999997,4e-07
Ta12,16.47,2e-07
Ta12,16.53,2e-07
Ta12,16.59,2e-07
Ta12,16.65,2e-07
Ta12,16.71,2e-07
Ta12,16.77,0.0
Ta12,16.83,2e-07
Cu12,2.8499999999999996,1.6666666666666668e-07
Cu12,2.91,3.3333333333333335e-07
Cu12,2.9699999999999998,1.6666666666666668e-07
Cu12,3.0300000000000002,0.0
Cu12,3.09,0.0
Cu12,3.15,1.6666666666666668e-07
Cu12,3.21,3.3333333333333335e-07
Cu12,3.2699999999999996,1.6666666666666668e-07
Cu12,3.33,1.6666666666666668e-07
Cu12,3.3899999999999997,0.0
Cu12,3.45,1.6666666666666668e-07
Cu12,3.51,3.3333333333333335e-07
Cu12,3.57,3.3333333333333335e-07
Cu12,3.63,1.6666666666666668e-07
Cu12,3.6899999999999995,1.6666666666666668e-07
Cu12,3.75,5e-07
Cu12,3.8099999999999996,5e-07
Cu12,3.87,5e-07
Cu12,3.9299999999999997,6.666666666666667e-07
Cu12,3.9899999999999998,6.666666666666667e-07
Cu12,4.05,6.666666666666667e-07
Cu12,4.109999999999999,1.1666666666666666e-06
Cu12,4.17,1e-06
Cu12,4.23,5e-07
Cu12,4.29,1e-06
Cu12,4.35,2.8333333333333335e-06
Cu12,4.41,8.333333333333333e-07
Cu12,4.47,1.1666666666666666e-06
Cu12,4.529999999999999,2.1666666666666665e-06
Cu12,4.59,2.666666666666667e-06
Cu12,4.65,1.3333333333333334e-06
Cu12,4.71,2.333333333333333e-06
Cu12,4.77,3.1666666666666667e-06
Cu12,4.83,4e-06
Cu12,4.89,2.333333333333333e-06
Cu12,4.949999999999999,3.833333333333334e-06
Cu12,5.01,6e-06
Cu12,5.07,6.666666666666667e-06
Cu12,5.13,5.166666666666667e-06
Cu12,5.1899999999999995,6.833333333333334e-06
Cu12,5.25,1.05e-05
Cu12,5.31,9.166666666666666e-06
Cu12,5.369999999999999,1.0666666666666667e-05
Cu12,5.43,1.4333333333333334e-05
Cu12,5.49,1.5833333333333333e-05
Cu12,5.55,1.4333333333333334e-05
Cu12,5.609999999999999,1.85e-05
Cu12,5.67,2.3666666666666668e-05
Cu12,5.73,2.1666666666666667e-05
Cu12,5.789999999999999,2.7e-05
Cu12,5.85,2.9333333333333333e-05
Cu12,5.91,3.4166666666666666e-05
Cu12,5.97,3.433333333333333e-05
Cu12,6.029999999999999,4.3333333333333334e-05
Cu12,6.09,4.7166666666666663e-05
Cu12,6.15,5.1166666666666666e-05
Cu12,6.21,6.366666666666666e-05
Cu12,6.27,6.433333333333333e-05
Cu12,6.33,7.533333333333334e-05
Cu12,6.39,8.966666666666667e-05
Cu12,6.449999999999999,8.9e-05
Cu12,6.51,0.00010716666666666666
Cu12,6.57,0.00011983333333333334
Cu12,6.63,0.000128
Cu12,6.6899999999999995,0.00015483333333333332
Cu12,6.75,0.0001665
Cu12,6.81,0.00017966666666666668
Cu12,6.869999999999999,0.000221
Cu12,6.93,0.000237
Cu12,6.99,0.0002535
Cu12,7.05,0.00030483333333333333
Cu12,7.109999999999999,0.0003325
Cu12,7.17,0.00035
Cu12,7.2299999999999995,0.00042283333333333333
Cu12,7.289999999999999,0.00046816666666666664
Cu12,7.35,0.000499
Cu12,7.41,0.000573
Cu12,7.47,0.0006356666666666666
Cu12,7.529999999999999,0.0007033333333333334
Cu12,7.59,0.0007705
Cu12,7.65,0.0008733333333333334
Cu12,7.709999999999999,0.0009513333333333333
Cu12,7.77,0.0010396666666666666
Cu12,7.83,0.0011623333333333334
Cu12,7.89,0.0012765
Cu12,7.949999999999999,0.001387
Cu12,8.01,0.0015485
Cu12,8.07,0.0016585
Cu12,8.129999999999999,0.0018496666666666666
Cu12,8.19,0.0020176666666666667
Cu12,8.25,0.0021913333333333333
Cu12,8.309999999999999,0.002434833333333333
Cu12,8.370000000000001,0.0026233333333333334
Cu12,8.43,0.002855166666666667
Cu12,8.489999999999998,0.0031206666666666666
Cu12,8.55,0.0033458333333333335
Cu12,8.61,0.0036601666666666666
Cu12,8.67,0.0039475
Cu12,8.73,0.004250333333333333
Cu12,8.79,0.0046201666666666665
Cu12,8.85,0.0049366666666666665
Cu12,8.91,0.005344666666666667
Cu12,8.969999999999999,0.005709833333333333
Cu12,9.030000000000001,0.006112333333333333
Cu12,9.09,0.006573
Cu12,9.149999999999999,0.0069785
Cu12,9.21,0.007472
Cu12,9.27,0.007904
Cu12,9.329999999999998,0.008372666666666667
Cu12,9.39,0.008906333333333334
Cu12,9.45,0.009427666666666668
Cu12,9.51,0.0099665
Cu12,9.57,0.010482833333333334
Cu12,9.629999999999999,0.011037
Cu12,9.69,0.011568333333333333
Cu12,9.75,0.0121765
Cu12,9.809999999999999,0.0127055
Cu12,9.870000000000001,0.013255166666666667
Cu12,9.93,0.0138145
Cu12,9.989999999999998,0.0143635
Cu12,10.05,0.014918
Cu12,10.11,0.015469833333333334
Cu12,10.169999999999998,0.015909666666666666
Cu12,10.23,0.0165375
Cu12,10.29,0.016895166666666666
Cu12,10.35,0.017333833333333333
Cu12,10.41,0.0177355
Cu12,10.469999999999999,0.018182
Cu12,10.53,0.018477
Cu12,10.59,0.018784833333333334
Cu12,10.649999999999999,0.019073666666666666
Cu12,10.71,0.0193415
Cu12,10.77,0.0194335
Cu12,10.829999999999998,0.0196615
Cu12,10.89,0.019677166666666666
Cu12,10.95,0.0198345
Cu12,11.01,0.019708
Cu12,11.07,0.019730333333333332
Cu12,11.129999999999999,0.019622833333333332
Cu12,11.19,0.019452333333333332
Cu12,11.25,0.019235833333333334
Cu12,11.309999999999999,0.018979333333333334
Cu12,11.370000000000001,0.018732166666666668
Cu12,11.43,0.018332666666666667
Cu12,11.489999999999998,0.018008166666666665
Cu12,11.55,0.017616833333333335
Cu12,11.61,0.0171605
Cu12,11.669999999999998,0.016667166666666667
Cu12,11.73,0.0160845
Cu12,11.79,0.015524
Cu12,11.85,0.015015666666666667
Cu12,11.91,0.0143595
Cu12,11.969999999999999,0.013791
Cu12,12.03,0.013160833333333333
Cu12,12.09,0.012556333333333333
Cu12,12.149999999999999,0.011862833333333333
Cu12,12.21,0.011282666666666667
Cu12,12.27,0.010572666666666666
Cu12,12.329999999999998,0.009989166666666667
Cu12,12.39,0.009311666666666666
Cu12,12.45,0.008734666666666667
Cu12,12.51,0.0081305
Cu12,12.57,0.0075565
Cu12,12.629999999999999,0.007004333333333334
Cu12,12.69,0.006463833333333334
Cu12,12.75,0.005974
Cu12,12.809999999999999,0.005472833333333333
Cu12,12.870000000000001,0.005031166666666666
Cu12,12.93,0.0045453333333333335
Cu12,12.989999999999998,0.0041298333333333334
Cu12,13.05,0.0037231666666666667
Cu12,13.11,0.003372833333333333
Cu12,13.169999999999998,0.0030355
Cu12,13.23,0.0027043333333333333
Cu12,13.29,0.002417166666666667
Cu12,13.35,0.0021346666666666667
Cu12,13.41,0.0019068333333333333
Cu12,13.469999999999999,0.0016611666666666667
Cu12,13.53,0.0014928333333333334
Cu12,13.59,0.0012796666666666666
Cu12,13.649999999999999,0.0011391666666666666
Cu12,13.71,0.0009835
Cu12,13.77,0.000864
Cu12,13.829999999999998,0.0007243333333333333
Cu12,13.89,0.0006465
Cu12,13.95,0.0005491666666666667
Cu12,14.009999999999998,0.0004655
Cu12,14.07,0.00040166666666666665
Cu12,14.129999999999999,0.00035183333333333334
Cu12,14.19,0.0002875
Cu12,14.25,0.00024516666666666664
Cu12,14.309999999999999,0.000209
Cu12,14.37,0.0001735
Cu12,14.43,0.00015
Cu12,14.489999999999998,0.00011816666666666666
Cu12,14.55,9.316666666666666e-05
Cu12,14.61,8.183333333333333e-05
Cu12,14.669999999999998,6.65e-05
Cu12,14.73,5.25e-05
Cu12,14.79,4.483333333333334e-05
Cu12,14.85,3.316666666666667e-05
Cu12,14.91,2.7e-05
Cu12,14.969999999999999,2.2333333333333332e-05
Cu12,15.03,1.5833333333333333e-05
Cu12,15.09,1.4333333333333334e-05
Cu12,15.149999999999999,9.666666666666667e-06
Cu12,15.21,8.833333333333334e-06
Cu12,15.27,7e-06
Cu12,15.329999999999998,5e-06
Cu12,15.39,4.333333333333333e-06
Cu12,15.45,3.5e-06
Cu12,15.509999999999998,3.1666666666666667e-06
Cu12,15.57,2e-06
Cu12,15.629999999999999,1.1666666666666666e-06
Cu12,15.69,1e-06
Cu12,15.75,8.333333333333333e-07
Cu12,15.809999999999999,5e-07
Cu12,15.87,1.6666666666666668e-07
Cu12,15.93,5e-07
Cu12,15.989999999999998,3.3333333333333335e-07
Cu12,16.049999999999997,3.3333333333333335e-07
Cu12,16.11,1.6666666666666668e-07
Cu12,16.17,1.6666666666666668e-07
Cu12,16.229999999999997,1.6666666666666668e-07
Cu12,16.29,1.6666666666666668e-07
Cu12,16.35,0.0
Cu12,16.409999999999997,1.6666666666666668e-07
Al_degrader_E9,0.03,0.0002326
Al_degrader_E9,0.09,8.16e-06
Al_degrader_E9,0.15,7.24e-06
Al_degrader_E9,0.21,9.72e-06
Al_degrader_E9,0.27,9.6e-06
Al_degrader_E9,0.32999999999999996,1.004e-05
Al_degrader_E9,0.39,5.64e-06
Al_degrader_E9,0.44999999999999996,5.24e-06
Al_degrader_E9,0.51,6.96e-06
Al_degrader_E9,0.5700000000000001,7.44e-06
Al_degrader_E9,0.6299999999999999,8.52e-06
Al_degrader_E9,0.69,8.4e-06
Al_degrader_E9,0.75,8.2e-06
Al_degrader_E9,0.81,7.96e-06
Al_degrader_E9,0.8699999999999999,9.6e-06
Al_degrader_E9,0.9299999999999999,1.064e-05
Al_degrader_E9,0.99,1.252e-05
Al_degrader_E9,1.05,1.332e-05
Al_degrader_E9,1.1099999999999999,1.252e-05
Al_degrader_E9,1.17,1.476e-05
Al_degrader_E9,1.23,1.608e-05
Al_degrader_E9,1.29,1.608e-05
Al_degrader_E9,1.3499999999999999,1.568e-05
Al_degrader_E9,1.41,1.76e-05
Al_degrader_E9,1.47,1.948e-05
Al_degrader_E9,1.53,2.232e-05
Al_degrader_E9,1.5899999999999999,2.168e-05
Al_degrader_E9,1.65,2.488e-05
Al_degrader_E9,1.71,2.592e-05
Al_degrader_E9,1.77,2.644e-05
Al_degrader_E9,1.8299999999999998,2.7e-05
Al_degrader_E9,1.89,3.1e-05
Al_degrader_E9,1.95,3.372e-05
Al_degrader_E9,2.01,3.492e-05
Al_degrader_E9,2.0700000000000003,3.86e-05
Al_degrader_E9,2.13,3.92e-05
Al_degrader_E9,2.19,4.028e-05
Al_degrader_E9,2.25,4.58e-05
Al_degrader_E9,2.3099999999999996,4.816e-05
Al_degrader_E9,2.37,5.212e-05
Al_degrader_E9,2.4299999999999997,5.516e-05
Al_degrader_E9,2.49,5.484e-05
Al_degrader_E9,2.55,6.34e-05
Al_degrader_E9,2.61,6.98e-05
Al_degrader_E9,2.67,7.208e-05
Al_degrader_E9,2.7299999999999995,7.768e-05
Al_degrader_E9,2.79,7.9e-05
Al_degrader_E9,2.8499999999999996,8.824e-05
Al_degrader_E9,2.91,9.344e-05
Al_degrader_E9,2.9699999999999998,0.00010112
Al_degrader_E9,3.0300000000000002,0.00010756
Al_degrader_E9,3.09,0.0001134
Al_degrader_E9,3.15,0.00012452
Al_degrader_E9,3.21,0.0001318
Al_degrader_E9,3.2699999999999996,0.00013856
Al_degrader_E9,3.33,0.00015012
Al_degrader_E9,3.3899999999999997,0.00016244
Al_degrader_E9,3.45,0.00017192
Al_degrader_E9,3.51,0.00018264
Al_degrader_E9,3.57,0.00019572
Al_degrader_E9,3.63,0.000211
Al_degrader_E9,3.6899999999999995,0.00022288
Al_degrader_E9,3.75,0.000242
Al_degrader_E9,3.8099999999999996,0.00025432
Al_degrader_E9,3.87,0.0002744
Al_degrader_E9,3.9299999999999997,0.00029228
Al_degrader_E9,3.9899999999999998,0.00031572
Al_degrader_E9,4.05,0.00032904
Al_degrader_E9,4.109999999999999,0.00035952
Al_degrader_E9,4.17,0.0003828
Al_degrader_E9,4.23,0.00040808
Al_degrader_E9,4.29,0.00043084
Al_degrader_E9,4.35,0.0004668
Al_degrader_E9,4.41,0.0005
Al_degrader_E9,4.47,0.00052696
Al_degrader_E9,4.529999999999999,0.00057272
Al_degrader_E9,4.59,0.00061076
Al_degrader_E9,4.65,0.00064652
Al_degrader_E9,4.71,0.00069464
Al_degrader_E9,4.77,0.00073508
Al_degrader_E9,4.83,0.00078808
Al_degrader_E9,4.89,0.0008316
Al_degrader_E9,4.949999999999999,0.00090044
Al_degrader_E9,5.01,0.0009486
Al_degrader_E9,5.07,0.00100692
Al_degrader_E9,5.13,0.00108724
Al_degrader_E9,5.1899999999999995,0.00114292
Al_degrader_E9,5.25,0.00121896
Al_degrader_E9,5.31,0.00130172
Al_degrader_E9,5.369999999999999,0.0013754
Al_degrader_E9,5.43,0.00146552
Al_degrader_E9,5.49,0.001555
Al_degrader_E9,5.55,0.00165064
Al_degrader_E9,5.609999999999999,0.00174636
Al_degrader_E9,5.67,0.00186156
Al_degrader_E9,5.73,0.00196404
Al_degrader_E9,5.789999999999999,0.00207364
Al_degrader_E9,5.85,0.00220956
Al_degrader_E9,5.91,0.00232572
Al_degrader_E9,5.97,0.00246756
Al_degrader_E9,6.029999999999999,0.00259748
Al_degrader_E9,6.09,0.00275048
Al_degrader_E9,6.15,0.00290156
Al_degrader_E9,6.21,0.00306276
Al_degrader_E9,6.27,0.0032208
Al_degrader_E9,6.33,0.00339788
Al_degrader_E9,6.39,0.0035716
Al_degrader_E9,6.449999999999999,0.00376096
Al_degrader_E9,6.51,0.00394168
Al_degrader_E9,6.57,0.00416456
Al_degrader_E9,6.63,0.00435248
Al_degrader_E9,6.6899999999999995,0.00456624
Al_degrader_E9,6.75,0.0047964
Al_degrader_E9,6.81,0.0050074
Al_degrader_E9,6.869999999999999,0.00525888
Al_degrader_E9,6.93,0.00548076
Al_degrader_E9,6.99,0.00573684
Al_degrader_E9,7.05,0.00599224
Al_degrader_E9,7.109999999999999,0.00622964
Al_degrader_E9,7.17,0.00653304
Al_degrader_E9,7.2299999999999995,0.00675984
Al_degrader_E9,7.289999999999999,0.00705692
Al_degrader_E9,7.35,0.00732872
Al_degrader_E9,7.41,0.00759196
Al_degrader_E9,7.47,0.00790644
Al_degrader_E9,7.529999999999999,0.00814896
Al_degrader_E9,7.59,0.00848628
Al_degrader_E9,7.65,0.00874964
Al_degrader_E9,7.709999999999999,0.00905092
Al_degrader_E9,7.77,0.00935524
Al_degrader_E9,7.83,0.0096386
Al_degrader_E9,7.89,0.0099438
Al_degrader_E9,7.949999999999999,0.01020832
Al_degrader_E9,8.01,0.01054756
Al_degrader_E9,8.07,0.0107892
Al_degrader_E9,8.129999999999999,0.0111188
Al_degrader_E9,8.19,0.01136972
Al_degrader_E9,8.25,0.01167884
Al_degrader_E9,8.309999999999999,0.01193076
Al_degrader_E9,8.370000000000001,0.012189
Al_degrader_E9,8.43,0.01244412
Al_degrader_E9,8.489999999999998,0.01268704
Al_degrader_E9,8.55,0.01292112
Al_degrader_E9,8.61,0.01312828
Al_degrader_E9,8.67,0.01336692
Al_degrader_E9,8.73,0.01353612
Al_degrader_E9,8.79,0.01377972
Al_degrader_E9,8.85,0.01389084
Al_degrader_E9,8.91,0.01412164
Al_degrader_E9,8.969999999999999,0.01421644
Al_degrader_E9,9.030000000000001,0.014372
Al_degrader_E9,9.09,0.01445788
Al_degrader_E9,9.149999999999999,0.0145792
Al_degrader_E9,9.21,0.01461056
Al_degrader_E9,9.27,0.01471744
Al_degrader_E9,9.329999999999998,0.01470092
Al_degrader_E9,9.39,0.01475812
Al_degrader_E9,9.45,0.01471816
Al_degrader_E9,9.51,0.01473148
Al_degrader_E9,9.57,0.01463152
Al_degrader_E9,9.629999999999999,0.01462108
Al_degrader_E9,9.69,0.01448036
Al_degrader_E9,9.75,0.01441552
Al_degrader_E9,9.809999999999999,0.01426896
Al_degrader_E9,9.870000000000001,0.01413352
Al_degrader_E9,9.93,0.01394312
Al_degrader_E9,9.989999999999998,0.0137554
Al_degrader_E9,10.05,0.01356012
Al_degrader_E9,10.11,0.0133114
Al_degrader_E9,10.169999999999998,0.01309072
Al_degrader_E9,10.23,0.01280224
Al_degrader_E9,10.29,0.0125636
Al_degrader_E9,10.35,0.01222372
Al_degrader_E9,10.41,0.01194584
Al_degrader_E9,10.469999999999999,0.01161544
Al_degrader_E9,10.53,0.01128836
Al_degrader_E9,10.59,0.01093496
Al_degrader_E9,10.649999999999999,0.01057552
Al_degrader_E9,10.71,0.01024188
Al_degrader_E9,10.77,0.00984144
Al_degrader_E9,10.829999999999998,0.00951356
Al_degrader_E9,10.89,0.00909396
Al_degrader_E9,10.95,0.00873204
Al_degrader_E9,11.01,0.00833868
Al_degrader_E9,11.07,0.00795212
Al_degrader_E9,11.129999999999999,0.00757464
Al_degrader_E9,11.19,0.0071814
Al_degrader_E9,11.25,0.00683492
Al_degrader_E9,11.309999999999999,0.00645292
Al_degrader_E9,11.370000000000001,0.00609672
Al_degrader_E9,11.43,0.00573148
Al_degrader_E9,11.489999999999998,0.005392
Al_degrader_E9,11.55,0.00506384
Al_degrader_E9,11.61,0.00471788
Al_degrader_E9,11.669999999999998,0.00439688
Al_degrader_E9,11.73,0.00408244
Al_degrader_E9,11.79,0.00379832
Al_degrader_E9,11.85,0.003509
Al_degrader_E9,11.91,0.0032412
Al_degrader_E9,11.969999999999999,0.00298676
Al_degrader_E9,12.03,0.00273916
Al_degrader_E9,12.09,0.00251512
Al_degrader_E9,12.149999999999999,0.00229524
Al_degrader_E9,12.21,0.00209784
Al_degrader_E9,12.27,0.00190324
Al_degrader_E9,12.329999999999998,0.00172472
Al_degrader_E9,12.39,0.00154812
Al_degrader_E9,12.45,0.00140196
Al_degrader_E9,12.51,0.00125416
Al_degrader_E9,12.57,0.00112644
Al_degrader_E9,12.629999999999999,0.00100636
Al_degrader_E9,12.69,0.00088956
Al_degrader_E9,12.75,0.00079528
Al_degrader_E9,12.809999999999999,0.00069844
Al_degrader_E9,12.870000000000001,0.00061772
Al_degrader_E9,12.93,0.0005434
Al_degrader_E9,12.989999999999998,0.00047236
Al_degrader_E9,13.05,0.0004166
Al_degrader_E9,13.11,0.00036356
Al_degrader_E9,13.169999999999998,0.00031312
Al_degrader_E9,13.23,0.00027224
Al_degrader_E9,13.29,0.00023404
Al_degrader_E9,13.35,0.00020104
Al_degrader_E9,13.41,0.00017312
Al_degrader_E9,13.469999999999999,0.00014844
Al_degrader_E9,13.53,0.00012708
Al_degrader_E9,13.59,0.00010796
Al_degrader_E9,13.649999999999999,9.212e-05
Al_degrader_E9,13.71,7.708e-05
Al_degrader_E9,13.77,6.456e-05
Al_degrader_E9,13.829999999999998,5.44e-05
Al_degrader_E9,13.89,4.536e-05
Al_degrader_E9,13.95,3.616e-05
Al_degrader_E9,14.009999999999998,2.992e-05
Al_degrader_E9,14.07,2.596e-05
Al_degrader_E9,14.129999999999999,2.06e-05
Al_degrader_E9,14.19,1.692e-05
Al_degrader_E9,14.25,1.372e-05
Al_degrader_E9,14.309999999999999,1.132e-05
Al_degrader_E9,14.37,8.08e-06
Al_degrader_E9,14.43,7.44e-06
Al_degrader_E9,14.489999999999998,5.36e-06
Al_degrader_E9,14.55,4e-06
Al_degrader_E9,14.61,3.32e-06
Al_degrader_E9,14.669999999999998,3.2e-06
Al_degrader_E9,14.73,2.12e-06
Al_degrader_E9,14.79,1.56e-06
Al_degrader_E9,14.85,1.56e-06
Al_degrader_E9,14.91,1.16e-06
Al_degrader_E9,14.969999999999999,8.8e-07
Al_degrader_E9,15.03,8e-07
Al_degrader_E9,15.09,5.6e-07
Al_degrader_E9,15.149999999999999,2.8e-07
Al_degrader_E9,15.21,2e-07
Al_degrader_E9,15.27,3.2e-07
Al_degrader_E9,15.329999999999998,1.2e-07
Al_degrader_E9,15.39,1.6e-07
Al_degrader_E9,15.45,4e-08
Al_degrader_E9,15.509999999999998,1.2e-07
Al_degrader_E9,15.57,4e-08
Al_degrader_E9,15.629999999999999,8e-08
Al_degrader_E9,15.69,4e-08
Al_degrader_E9,15.75,4e-08
Al_degrader_E9,15.809999999999999,0.0
Al_degrader_E9,15.87,4e-08
Al_degrader_E9,15.93,4e-08
Ni13,0.03,0.004544230769230769
Ni13,0.09,0.0001483076923076923
Ni13,0.15,0.00014576923076923076
Ni13,0.21,0.00011953846153846154
Ni13,0.27,8.6e-05
Ni13,0.32999999999999996,9.73076923076923e-05
Ni13,0.39,9.376923076923077e-05
Ni13,0.44999999999999996,0.0001073076923076923
Ni13,0.51,0.00011323076923076924
Ni13,0.5700000000000001,0.00012415384615384616
Ni13,0.6299999999999999,0.00013176923076923077
Ni13,0.69,0.00013838461538461539
Ni13,0.75,0.00014884615384615384
Ni13,0.81,0.00015653846153846154
Ni13,0.8699999999999999,0.00016969230769230768
Ni13,0.9299999999999999,0.00018038461538461538
Ni13,0.99,0.000186
Ni13,1.05,0.00020084615384615386
Ni13,1.1099999999999999,0.00021061538461538461
Ni13,1.17,0.0002243076923076923
Ni13,1.23,0.0002353076923076923
Ni13,1.29,0.00025876923076923077
Ni13,1.3499999999999999,0.00026307692307692306
Ni13,1.41,0.0002797692307692308
Ni13,1.47,0.000292
Ni13,1.53,0.00031815384615384616
Ni13,1.5899999999999999,0.00032615384615384613
Ni13,1.65,0.00034684615384615385
Ni13,1.71,0.00036930769230769233
Ni13,1.77,0.00038915384615384615
Ni13,1.8299999999999998,0.0004061538461538462
Ni13,1.89,0.000432
Ni13,1.95,0.00045915384615384617
Ni13,2.01,0.00047246153846153846
Ni13,2.0700000000000003,0.0005067692307692308
Ni13,2.13,0.0005392307692307693
Ni13,2.19,0.0005551538461538462
Ni13,2.25,0.000594
Ni13,2.3099999999999996,0.0006292307692307692
Ni13,2.37,0.0006573076923076923
Ni13,2.4299999999999997,0.0006965384615384615
Ni13,2.49,0.0007277692307692307
Ni13,2.55,0.0007731538461538462
Ni13,2.61,0.0008105384615384615
Ni13,2.67,0.000866
Ni13,2.7299999999999995,0.0009054615384615385
Ni13,2.79,0.0009535384615384615
Ni13,2.8499999999999996,0.0010051538461538462
Ni13,2.91,0.0010727692307692309
Ni13,2.9699999999999998,0.0011226923076923076
Ni13,3.0300000000000002,0.0011749230769230769
Ni13,3.09,0.001249076923076923
Ni13,3.15,0.0013256153846153847
Ni13,3.21,0.0013836923076923078
Ni13,3.2699999999999996,0.001468
Ni13,3.33,0.0015322307692307692
Ni13,3.3899999999999997,0.0016246153846153847
Ni13,3.45,0.0016813076923076922
Ni13,3.51,0.001804
Ni13,3.57,0.0018850769230769231
Ni13,3.63,0.0019836153846153845
Ni13,3.6899999999999995,0.002093153846153846
Ni13,3.75,0.002184076923076923
Ni13,3.8099999999999996,0.002320692307692308
Ni13,3.87,0.0024203846153846155
Ni13,3.9299999999999997,0.0025606923076923077
Ni13,3.9899999999999998,0.0026696153846153844
Ni13,4.05,0.002826
Ni13,4.109999999999999,0.0029396153846153847
Ni13,4.17,0.0031076153846153844
Ni13,4.23,0.003240230769230769
Ni13,4.29,0.0034283846153846153
Ni13,4.35,0.003560153846153846
Ni13,4.41,0.003759846153846154
Ni13,4.47,0.0039053076923076923
Ni13,4.529999999999999,0.004110692307692307
Ni13,4.59,0.0042688461538461535
Ni13,4.65,0.004492153846153846
Ni13,4.71,0.004670846153846154
Ni13,4.77,0.004894076923076923
Ni13,4.83,0.005081153846153846
Ni13,4.89,0.005309307692307692
Ni13,4.949999999999999,0.005540692307692308
Ni13,5.01,0.005765
Ni13,5.07,0.006017
Ni13,5.13,0.006263384615384615
Ni13,5.1899999999999995,0.0065309230769230765
Ni13,5.25,0.006753461538461538
Ni13,5.31,0.007034923076923077
Ni13,5.369999999999999,0.007279923076923077
Ni13,5.43,0.007550615384615385
Ni13,5.49,0.007836230769230769
Ni13,5.55,0.008105692307692309
Ni13,5.609999999999999,0.008408615384615384
Ni13,5.67,0.008668
Ni13,5.73,0.008943384615384615
Ni13,5.789999999999999,0.009270230769230768
Ni13,5.85,0.009508153846153847
Ni13,5.91,0.009844076923076922
Ni13,5.97,0.01012146153846154
Ni13,6.029999999999999,0.010406307692307692
Ni13,6.09,0.01069523076923077
Ni13,6.15,0.010981153846153845
Ni13,6.21,0.011254769230769231
Ni13,6.27,0.011564307692307691
Ni13,6.33,0.011773
Ni13,6.39,0.012015153846153846
Ni13,6.449999999999999,0.012314076923076922
Ni13,6.51,0.01252023076923077
Ni13,6.57,0.012789769230769231
Ni13,6.63,0.013013384615384616
Ni13,6.6899999999999995,0.013185
Ni13,6.75,0.013409076923076923
Ni13,6.81,0.013577615384615384
Ni13,6.869999999999999,0.013768
Ni13,6.93,0.013932846153846153
Ni13,6.99,0.014049307692307693
Ni13,7.05,0.014178692307692307
Ni13,7.109999999999999,0.01426476923076923
Ni13,7.17,0.014402846153846153
Ni13,7.2299999999999995,0.014428692307692307
Ni13,7.289999999999999,0.01451
Ni13,7.35,0.014515615384615384
Ni13,7.41,0.014563923076923077
Ni13,7.47,0.01453023076923077
Ni13,7.529999999999999,0.014501153846153846
Ni13,7.59,0.014430076923076924
Ni13,7.65,0.014376538461538461
Ni13,7.709999999999999,0.014242615384615385
Ni13,7.77,0.014129153846153847
Ni13,7.83,0.014017692307692307
Ni13,7.89,0.01386
Ni13,7.949999999999999,0.013662538461538462
Ni13,8.01,0.013504
Ni13,8.07,0.013252384615384616
Ni13,8.129999999999999,0.013058384615384616
Ni13,8.19,0.012805230769230768
Ni13,8.25,0.012504615384615385
Ni13,8.309999999999999,0.012217538461538462
Ni13,8.370000000000001,0.011873076923076924
Ni13,8.43,0.011612923076923076
Ni13,8.489999999999998,0.01128976923076923
Ni13,8.55,0.010916846153846154
Ni13,8.61,0.010600846153846153
Ni13,8.67,0.010255153846153846
Ni13,8.73,0.009871615384615385
Ni13,8.79,0.009537538461538462
Ni13,8.85,0.009136846153846153
Ni13,8.91,0.008747076923076923
Ni13,8.969999999999999,0.008361230769230768
Ni13,9.030000000000001,0.008014307692307692
Ni13,9.09,0.0076218461538461535
Ni13,9.149999999999999,0.007250230769230769
Ni13,9.21,0.006888384615384616
Ni13,9.27,0.006519769230769231
Ni13,9.329999999999998,0.00614976923076923
Ni13,9.39,0.005812692307692308
Ni13,9.45,0.005483230769230769
Ni13,9.51,0.005156
Ni13,9.57,0.004818461538461539
Ni13,9.629999999999999,0.004532538461538461
Ni13,9.69,0.004228076923076923
Ni13,9.75,0.003938307692307692
Ni13,9.809999999999999,0.0036337692307692308
Ni13,9.870000000000001,0.003360076923076923
Ni13,9.93,0.003107076923076923
Ni13,9.989999999999998,0.00286
Ni13,10.05,0.0026404615384615386
Ni13,10.11,0.0024315384615384615
Ni13,10.169999999999998,0.0022203846153846154
Ni13,10.23,0.0020215384615384613
Ni13,10.29,0.0018410769230769231
Ni13,10.35,0.0016668461538461537
Ni13,10.41,0.0015049230769230769
Ni13,10.469999999999999,0.001358076923076923
Ni13,10.53,0.0012246923076923077
Ni13,10.59,0.001100076923076923
Ni13,10.649999999999999,0.0009925384615384616
Ni13,10.71,0.0008908461538461538
Ni13,10.77,0.0007906923076923077
Ni13,10.829999999999998,0.0007027692307692308
Ni13,10.89,0.0006223076923076923
Ni13,10.95,0.0005531538461538461
Ni13,11.01,0.0004910769230769231
Ni13,11.07,0.00043084615384615384
Ni13,11.129999999999999,0.00037738461538461537
Ni13,11.19,0.00033423076923076923
Ni13,11.25,0.00029384615384615387
Ni13,11.309999999999999,0.00025407692307692306
Ni13,11.370000000000001,0.0002226923076923077
Ni13,11.43,0.00019246153846153846
Ni13,11.489999999999998,0.00016807692307692308
Ni13,11.55,0.00014407692307692307
Ni13,11.61,0.00012284615384615386
Ni13,11.669999999999998,0.00010446153846153846
Ni13,11.73,8.807692307692307e-05
Ni13,11.79,7.430769230769231e-05
Ni13,11.85,6.338461538461538e-05
Ni13,11.91,5.361538461538461e-05
Ni13,11.969999999999999,4.569230769230769e-05
Ni13,12.03,3.684615384615385e-05
Ni13,12.09,3.130769230769231e-05
Ni13,12.149999999999999,2.5076923076923077e-05
Ni13,12.21,2.123076923076923e-05
Ni13,12.27,1.7153846153846155e-05
Ni13,12.329999999999998,1.3615384615384615e-05
Ni13,12.39,1.0692307692307692e-05
Ni13,12.45,9.23076923076923e-06
Ni13,12.51,8.538461538461538e-06
Ni13,12.57,6.307692307692308e-06
Ni13,12.629999999999999,4.769230769230769e-06
Ni13,12.69,3.846153846153846e-06
Ni13,12.75,3.6923076923076925e-06
Ni13,12.809999999999999,3e-06
Ni13,12.870000000000001,2.6923076923076923e-06
Ni13,12.93,1.923076923076923e-06
Ni13,12.989999999999998,1.2307692307692308e-06
Ni13,13.05,1e-06
Ni13,13.11,6.923076923076923e-07
Ni13,13.169999999999998,6.923076923076923e-07
Ni13,13.23,4.6153846153846156e-07
Ni13,13.29,3.8461538461538463e-07
Ni13,13.35,3.076923076923077e-07
Ni13,13.41,3.076923076923077e-07
Ni13,13.469999999999999,2.3076923076923078e-07
Ni13,13.53,1.5384615384615385e-07
Ni13,13.59,1.5384615384615385e-07
Ni13,13.649999999999999,1.5384615384615385e-07
Ni13,13.71,1.5384615384615385e-07
Ni13,13.77,7.692307692307692e-08
Ni13,13.829999999999998,7.692307692307692e-08
Ni13,13.89,7.692307692307692e-08
Ni13,13.95,7.692307692307692e-08
Sn13,0.03,0.01137675
Sn13,0.09,0.000308
Sn13,0.15,0.000299
Sn13,0.21,0.000217
Sn13,0.27,0.0001815
Sn13,0.32999999999999996,0.0001985
Sn13,0.39,0.00020225
Sn13,0.44999999999999996,0.00024425
Sn13,0.51,0.0002625
Sn13,0.5700000000000001,0.00029075
Sn13,0.6299999999999999,0.00030375
Sn13,0.69,0.00028925
Sn13,0.75,0.000324
Sn13,0.81,0.000351
Sn13,0.8699999999999999,0.00038725
Sn13,0.9299999999999999,0.00038775
Sn13,0.99,0.00039575
Sn13,1.05,0.0004425
Sn13,1.1099999999999999,0.0004615
Sn13,1.17,0.00048475
Sn13,1.23,0.0005005
Sn13,1.29,0.00055975
Sn13,1.3499999999999999,0.0005785
Sn13,1.41,0.0005845
Sn13,1.47,0.00063225
Sn13,1.53,0.0006615
Sn13,1.5899999999999999,0.0006755
Sn13,1.65,0.00074
Sn13,1.71,0.0007875
Sn13,1.77,0.0007885
Sn13,1.8299999999999998,0.0008445
Sn13,1.89,0.00090475
Sn13,1.95,0.000929
Sn13,2.01,0.000962
Sn13,2.0700000000000003,0.00104175
Sn13,2.13,0.0010645
Sn13,2.19,0.00113625
Sn13,2.25,0.0011935
Sn13,2.3099999999999996,0.00125075
Sn13,2.37,0.0013345
Sn13,2.4299999999999997,0.0013855
Sn13,2.49,0.00145175
Sn13,2.55,0.00155825
Sn13,2.61,0.00161125
Sn13,2.67,0.00169975
Sn13,2.7299999999999995,0.00178275
Sn13,2.79,0.00188325
Sn13,2.8499999999999996,0.00197975
Sn13,2.91,0.00203125
Sn13,2.9699999999999998,0.00218025
Sn13,3.0300000000000002,0.002212
Sn13,3.09,0.002321
Sn13,3.15,0.00246825
Sn13,3.21,0.00251
Sn13,3.2699999999999996,0.002711
Sn13,3.33,0.00275075
Sn13,3.3899999999999997,0.0029415
Sn13,3.45,0.0030335
Sn13,3.51,0.00319775
Sn13,3.57,0.0033505
Sn13,3.63,0.00345775
Sn13,3.6899999999999995,0.00366875
Sn13,3.75,0.00378625
Sn13,3.8099999999999996,0.003966
Sn13,3.87,0.00414225
Sn13,3.9299999999999997,0.00430025
Sn13,3.9899999999999998,0.00448625
Sn13,4.05,0.00467525
Sn13,4.109999999999999,0.0048475
Sn13,4.17,0.0050575
Sn13,4.23,0.0052595
Sn13,4.29,0.005475
Sn13,4.35,0.00568075
Sn13,4.41,0.0058815
Sn13,4.47,0.0061135
Sn13,4.529999999999999,0.00630225
Sn13,4.59,0.00654025
Sn13,4.65,0.00681575
Sn13,4.71,0.00705475
Sn13,4.77,0.007312
Sn13,4.83,0.00754525
Sn13,4.89,0.00782325
Sn13,4.949999999999999,0.008068
Sn13,5.01,0.00837475
Sn13,5.07,0.0085585
Sn13,5.13,0.00884275
Sn13,5.1899999999999995,0.00908525
Sn13,5.25,0.00928975
Sn13,5.31,0.009692
Sn13,5.369999999999999,0.00985775
Sn13,5.43,0.010125
Sn13,5.49,0.01042725
Sn13,5.55,0.01063875
Sn13,5.609999999999999,0.010933
Sn13,5.67,0.0111985
Sn13,5.73,0.011422
Sn13,5.789999999999999,0.0116285
Sn13,5.85,0.01188175
Sn13,5.91,0.0121405
Sn13,5.97,0.0123095
Sn13,6.029999999999999,0.01252675
Sn13,6.09,0.01264225
Sn13,6.15,0.01280575
Sn13,6.21,0.012984
Sn13,6.27,0.01315725
Sn13,6.33,0.013292
Sn13,6.39,0.0133995
Sn13,6.449999999999999,0.01354275
Sn13,6.51,0.01364725
Sn13,6.57,0.01370225
Sn13,6.63,0.01379975
Sn13,6.6899999999999995,0.01383575
Sn13,6.75,0.0138645
Sn13,6.81,0.0138815
Sn13,6.869999999999999,0.0139
Sn13,6.93,0.01387575
Sn13,6.99,0.01384425
Sn13,7.05,0.01385225
Sn13,7.109999999999999,0.01371825
Sn13,7.17,0.01363875
Sn13,7.2299999999999995,0.01350125
Sn13,7.289999999999999,0.01329025
Sn13,7.35,0.01312125
Sn13,7.41,0.01292975
Sn13,7.47,0.0127125
Sn13,7.529999999999999,0.01244025
Sn13,7.59,0.0123105
Sn13,7.65,0.0120385
Sn13,7.709999999999999,0.01184125
Sn13,7.77,0.011622
Sn13,7.83,0.01142725
Sn13,7.89,0.01113375
Sn13,7.949999999999999,0.01081075
Sn13,8.01,0.0104575
Sn13,8.07,0.010092
Sn13,8.129999999999999,0.00967225
Sn13,8.19,0.00941575
Sn13,8.25,0.0090335
Sn13,8.309999999999999,0.00869725
Sn13,8.370000000000001,0.008339
Sn13,8.43,0.00799625
Sn13,8.489999999999998,0.00757325
Sn13,8.55,0.0072305
Sn13,8.61,0.00690875
Sn13,8.67,0.0065565
Sn13,8.73,0.00629125
Sn13,8.79,0.005982
Sn13,8.85,0.00567425
Sn13,8.91,0.005357
Sn13,8.969999999999999,0.00499725
Sn13,9.030000000000001,0.004662
Sn13,9.09,0.004365
Sn13,9.149999999999999,0.004116
Sn13,9.21,0.00382675
Sn13,9.27,0.003558
Sn13,9.329999999999998,0.0033115
Sn13,9.39,0.00307975
Sn13,9.45,0.00282925
Sn13,9.51,0.00262625
Sn13,9.57,0.002403
Sn13,9.629999999999999,0.00219125
Sn13,9.69,0.001988
Sn13,9.75,0.001824
Sn13,9.809999999999999,0.001677
Sn13,9.870000000000001,0.001514
Sn13,9.93,0.001399
Sn13,9.989999999999998,0.0012575
Sn13,10.05,0.001118
Sn13,10.11,0.0010155
Sn13,10.169999999999998,0.00089025
Sn13,10.23,0.000797
Sn13,10.29,0.00071525
Sn13,10.35,0.00063825
Sn13,10.41,0.00056775
Sn13,10.469999999999999,0.00052
Sn13,10.53,0.000452
Sn13,10.59,0.00039925
Sn13,10.649999999999999,0.0003525
Sn13,10.71,0.00031475
Sn13,10.77,0.000285
Sn13,10.829999999999998,0.00024825
Sn13,10.89,0.0002115
Sn13,10.95,0.00017675
Sn13,11.01,0.00014675
Sn13,11.07,0.000127
Sn13,11.129999999999999,0.0001105
Sn13,11.19,9.975e-05
Sn13,11.25,8.975e-05
Sn13,11.309999999999999,7.5e-05
Sn13,11.370000000000001,6.5e-05
Sn13,11.43,5.3e-05
Sn13,11.489999999999998,4.3e-05
Sn13,11.55,3.6e-05
Sn13,11.61,2.75e-05
Sn13,11.669999999999998,2.25e-05
Sn13,11.73,1.775e-05
Sn13,11.79,1.5e-05
Sn13,11.85,1.375e-05
Sn13,11.91,1.025e-05
Sn13,11.969999999999999,7.25e-06
Sn13,12.03,6e-06
Sn13,12.09,7.75e-06
Sn13,12.149999999999999,7e-06
Sn13,12.21,5.75e-06
Sn13,12.27,4e-06
Sn13,12.329999999999998,2e-06
Sn13,12.39,2.5e-06
Sn13,12.45,1.75e-06
Sn13,12.51,1.5e-06
Sn13,12.57,1e-06
Sn13,12.629999999999999,2.5e-07
Sn13,12.69,5e-07
Sn13,12.75,7.5e-07
Sn13,12.809999999999999,2.5e-07
Sn13,12.870000000000001,2.5e-07
Sn13,12.93,2.5e-07
Sn13,12.989999999999998,5e-07
Sn13,13.05,0.0
Sn13,13.11,0.0
Sn13,13.169999999999998,2.5e-07
Sn13,13.23,2.5e-07
Sn13,13.29,5e-07
Ta13,0.03,0.022006857142857144
Ta13,0.09,0.0009772142857142857
Ta13,0.15,0.0004464285714285714
Ta13,0.21,0.0003479285714285714
Ta13,0.27,0.00035135714285714284
Ta13,0.32999999999999996,0.00038171428571428574
Ta13,0.39,0.0004239285714285714
Ta13,0.44999999999999996,0.0004692142857142857
Ta13,0.51,0.0004933571428571428
Ta13,0.5700000000000001,0.0005215
Ta13,0.6299999999999999,0.0005733571428571428
Ta13,0.69,0.0006007142857142857
Ta13,0.75,0.0006239285714285714
Ta13,0.81,0.0006894285714285714
Ta13,0.8699999999999999,0.0007124285714285714
Ta13,0.9299999999999999,0.0007359285714285714
Ta13,0.99,0.0007961428571428571
Ta13,1.05,0.0008259285714285714
Ta13,1.1099999999999999,0.0008642857142857142
Ta13,1.17,0.0009148571428571428
Ta13,1.23,0.0009465
Ta13,1.29,0.0010141428571428571
Ta13,1.3499999999999999,0.0010417142857142858
Ta13,1.41,0.0010983571428571429
Ta13,1.47,0.0011566428571428572
Ta13,1.53,0.001195
Ta13,1.5899999999999999,0.0012620714285714286
Ta13,1.65,0.0013097857142857143
Ta13,1.71,0.0013862857142857142
Ta13,1.77,0.001431
Ta13,1.8299999999999998,0.0015113571428571428
Ta13,1.89,0.0015645714285714286
Ta13,1.95,0.0016525714285714286
Ta13,2.01,0.0017055714285714285
Ta13,2.0700000000000003,0.0018048571428571428
Ta13,2.13,0.0018677857142857142
Ta13,2.19,0.0019580714285714284
Ta13,2.25,0.002044
Ta13,2.3099999999999996,0.002139
Ta13,2.37,0.0022289285714285714
Ta13,2.4299999999999997,0.002312357142857143
Ta13,2.49,0.002422214285714286
Ta13,2.55,0.00252
Ta13,2.61,0.0026164285714285716
Ta13,2.67,0.0027439285714285716
Ta13,2.7299999999999995,0.0028265
Ta13,2.79,0.0029869285714285714
Ta13,2.8499999999999996,0.0030711428571428574
Ta13,2.91,0.0032155
Ta13,2.9699999999999998,0.003361357142857143
Ta13,3.0300000000000002,0.0034573571428571427
Ta13,3.09,0.0036402857142857144
Ta13,3.15,0.0037597142857142855
Ta13,3.21,0.0038947142857142856
Ta13,3.2699999999999996,0.004079214285714286
Ta13,3.33,0.004223785714285715
Ta13,3.3899999999999997,0.004381142857142857
Ta13,3.45,0.004551
Ta13,3.51,0.004730642857142857
Ta13,3.57,0.004885714285714286
Ta13,3.63,0.005070571428571429
Ta13,3.6899999999999995,0.005262214285714286
Ta13,3.75,0.005445357142857143
Ta13,3.8099999999999996,0.005648142857142857
Ta13,3.87,0.005862142857142857
Ta13,3.9299999999999997,0.006037357142857143
Ta13,3.9899999999999998,0.0062735
Ta13,4.05,0.006443071428571428
Ta13,4.109999999999999,0.006669071428571429
Ta13,4.17,0.006888714285714285
Ta13,4.23,0.0071149285714285715
Ta13,4.29,0.0073169285714285714
Ta13,4.35,0.007564142857142857
Ta13,4.41,0.007786642857142857
Ta13,4.47,0.008022785714285715
Ta13,4.529999999999999,0.0082375
Ta13,4.59,0.008481714285714285
Ta13,4.65,0.008702785714285715
Ta13,4.71,0.008957142857142858
Ta13,4.77,0.009197214285714286
Ta13,4.83,0.009421642857142858
Ta13,4.89,0.009623928571428571
Ta13,4.949999999999999,0.009868
Ta13,5.01,0.010105928571428571
Ta13,5.07,0.010325357142857143
Ta13,5.13,0.0105585
Ta13,5.1899999999999995,0.0107555
Ta13,5.25,0.010935357142857142
Ta13,5.31,0.011151785714285715
Ta13,5.369999999999999,0.011356
Ta13,5.43,0.011554714285714286
Ta13,5.49,0.011730285714285714
Ta13,5.55,0.011909357142857143
Ta13,5.609999999999999,0.012052
Ta13,5.67,0.012198142857142857
Ta13,5.73,0.012331071428571429
Ta13,5.789999999999999,0.012462214285714287
Ta13,5.85,0.012601
Ta13,5.91,0.012701214285714286
Ta13,5.97,0.012801642857142857
Ta13,6.029999999999999,0.012897285714285714
Ta13,6.09,0.012956214285714286
Ta13,6.15,0.013018714285714286
Ta13,6.21,0.013082928571428572
Ta13,6.27,0.013101642857142857
Ta13,6.33,0.013124857142857143
Ta13,6.39,0.013112285714285713
Ta13,6.449999999999999,0.013079857142857143
Ta13,6.51,0.013047071428571429
Ta13,6.57,0.013003285714285714
Ta13,6.63,0.012919285714285715
Ta13,6.6899999999999995,0.012818071428571429
Ta13,6.75,0.012703642857142858
Ta13,6.81,0.012587357142857143
Ta13,6.869999999999999,0.012448785714285714
Ta13,6.93,0.012302642857142857
Ta13,6.99,0.012137642857142857
Ta13,7.05,0.011957785714285714
Ta13,7.109999999999999,0.011760928571428571
Ta13,7.17,0.011556285714285715
Ta13,7.2299999999999995,0.011327428571428572
Ta13,7.289999999999999,0.011100285714285714
Ta13,7.35,0.010853857142857143
Ta13,7.41,0.010596142857142858
Ta13,7.47,0.010346642857142856
Ta13,7.529999999999999,0.010067857142857142
Ta13,7.59,0.009799642857142857
Ta13,7.65,0.00949492857142857
Ta13,7.709999999999999,0.009190785714285714
Ta13,7.77,0.008864428571428572
Ta13,7.83,0.008526357142857143
Ta13,7.89,0.008187285714285715
Ta13,7.949999999999999,0.007874214285714286
Ta13,8.01,0.007576928571428571
Ta13,8.07,0.007256571428571428
Ta13,8.129999999999999,0.006940714285714285
Ta13,8.19,0.006640928571428571
Ta13,8.25,0.006313214285714286
Ta13,8.309999999999999,0.006003857142857143
Ta13,8.370000000000001,0.005707
Ta13,8.43,0.005414428571428572
Ta13,8.489999999999998,0.005119571428571428
Ta13,8.55,0.004839857142857143
Ta13,8.61,0.004566428571428571
Ta13,8.67,0.004291857142857143
Ta13,8.73,0.004032357142857143
Ta13,8.79,0.0037679285714285714
Ta13,8.85,0.003515357142857143
Ta13,8.91,0.0032674285714285713
Ta13,8.969999999999999,0.003029
Ta13,9.030000000000001,0.002832357142857143
Ta13,9.09,0.0026162142857142855
Ta13,9.149999999999999,0.0024175714285714286
Ta13,9.21,0.002220214285714286
Ta13,9.27,0.002051357142857143
Ta13,9.329999999999998,0.0018807142857142857
Ta13,9.39,0.0017132142857142858
Ta13,9.45,0.001564
Ta13,9.51,0.0014352142857142858
Ta13,9.57,0.0012932142857142858
Ta13,9.629999999999999,0.0011660714285714286
Ta13,9.69,0.0010667857142857143
Ta13,9.75,0.0009666428571428571
Ta13,9.809999999999999,0.000862
Ta13,9.870000000000001,0.0007771428571428571
Ta13,9.93,0.0006953571428571429
Ta13,9.989999999999998,0.0006142857142857142
Ta13,10.05,0.0005567142857142857
Ta13,10.11,0.0004975
Ta13,10.169999999999998,0.0004424285714285714
Ta13,10.23,0.00039592857142857143
Ta13,10.29,0.00034907142857142857
Ta13,10.35,0.0003145
Ta13,10.41,0.0002675714285714286
Ta13,10.469999999999999,0.00023642857142857143
Ta13,10.53,0.0002122142857142857
Ta13,10.59,0.00018207142857142858
Ta13,10.649999999999999,0.0001585
Ta13,10.71,0.00013885714285714285
Ta13,10.77,0.000117
Ta13,10.829999999999998,9.978571428571428e-05
Ta13,10.89,8.778571428571429e-05
Ta13,10.95,7.514285714285715e-05
Ta13,11.01,6.45e-05
Ta13,11.07,5.507142857142857e-05
Ta13,11.129999999999999,4.464285714285714e-05
Ta13,11.19,4.0428571428571426e-05
Ta13,11.25,3.221428571428571e-05
Ta13,11.309999999999999,2.6285714285714286e-05
Ta13,11.370000000000001,2.1357142857142855e-05
Ta13,11.43,1.785714285714286e-05
Ta13,11.489999999999998,1.3785714285714285e-05
Ta13,11.55,1.1285714285714285e-05
Ta13,11.61,1.05e-05
Ta13,11.669999999999998,9.285714285714286e-06
Ta13,11.73,7.071428571428572e-06
Ta13,11.79,5.7142857142857145e-06
Ta13,11.85,4.5e-06
Ta13,11.91,4.714285714285714e-06
Ta13,11.969999999999999,3.5e-06
Ta13,12.03,3.142857142857143e-06
Ta13,12.09,2.357142857142857e-06
Ta13,12.149999999999999,1.6428571428571429e-06
Ta13,12.21,1.1428571428571428e-06
Ta13,12.27,8.571428571428571e-07
Ta13,12.329999999999998,9.285714285714285e-07
Ta13,12.39,6.428571428571429e-07
Ta13,12.45,3.5714285714285716e-07
Ta13,12.51,2.857142857142857e-07
Ta13,12.57,3.5714285714285716e-07
Ta13,12.629999999999999,2.1428571428571428e-07
Ta13,12.69,2.857142857142857e-07
Ta13,12.75,2.1428571428571428e-07
Ta13,12.809999999999999,2.1428571428571428e-07
Ta13,12.870000000000001,2.1428571428571428e-07
Ta13,12.93,7.142857142857142e-08
Ta13,12.989999999999998,1.4285714285714285e-07
Ta13,13.05,7.142857142857142e-08
Ta13,13.11,1.4285714285714285e-07
Ta13,13.169999999999998,7.142857142857142e-08
Cu13,0.03,0.06717171428571428
Cu13,0.09,0.001769
Cu13,0.15,0.0009815238095238095
Cu13,0.21,0.000813
Cu13,0.27,0.0008976666666666666
Cu13,0.32999999999999996,0.0009577142857142857
Cu13,0.39,0.001024952380952381
Cu13,0.44999999999999996,0.0010430952380952381
Cu13,0.51,0.0011495714285714286
Cu13,0.5700000000000001,0.001213904761904762
Cu13,0.6299999999999999,0.001264047619047619
Cu13,0.69,0.0013267619047619048
Cu13,0.75,0.0014246666666666667
Cu13,0.81,0.001478904761904762
Cu13,0.8699999999999999,0.001542952380952381
Cu13,0.9299999999999999,0.0016502380952380952
Cu13,0.99,0.001695809523809524
Cu13,1.05,0.0018041428571428572
Cu13,1.1099999999999999,0.0018948095238095239
Cu13,1.17,0.001965142857142857
Cu13,1.23,0.002059714285714286
Cu13,1.29,0.0021364761904761904
Cu13,1.3499999999999999,0.002241
Cu13,1.41,0.002316809523809524
Cu13,1.47,0.002427190476190476
Cu13,1.53,0.0025122857142857143
Cu13,1.5899999999999999,0.002625
Cu13,1.65,0.002714
Cu13,1.71,0.002832190476190476
Cu13,1.77,0.0029195238095238094
Cu13,1.8299999999999998,0.0030526666666666666
Cu13,1.89,0.0031507142857142858
Cu13,1.95,0.0032836666666666665
Cu13,2.01,0.0033837619047619046
Cu13,2.0700000000000003,0.0035168095238095236
Cu13,2.13,0.0036485714285714285
Cu13,2.19,0.0037735714285714286
Cu13,2.25,0.003915666666666666
Cu13,2.3099999999999996,0.0040337142857142854
Cu13,2.37,0.004186714285714286
Cu13,2.4299999999999997,0.004323761904761905
Cu13,2.49,0.004459571428571428
Cu13,2.55,0.004613047619047619
Cu13,2.61,0.004768190476190476
Cu13,2.67,0.004911095238095238
Cu13,2.7299999999999995,0.005073142857142857
Cu13,2.79,0.0052449523809523805
Cu13,2.8499999999999996,0.00537952380952381
Cu13,2.91,0.0055687619047619045
Cu13,2.9699999999999998,0.005725666666666667
Cu13,3.0300000000000002,0.005913571428571429
Cu13,3.09,0.00606652380952381
Cu13,3.15,0.006257761904761905
Cu13,3.21,0.006436
Cu13,3.2699999999999996,0.006619380952380952
Cu13,3.33,0.006785857142857143
Cu13,3.3899999999999997,0.006986952380952381
Cu13,3.45,0.007154380952380952
Cu13,3.51,0.007378333333333333
Cu13,3.57,0.007555714285714285
Cu13,3.63,0.0077324285714285715
Cu13,3.6899999999999995,0.007919047619047619
Cu13,3.75,0.008132285714285713
Cu13,3.8099999999999996,0.008298238095238095
Cu13,3.87,0.00848052380952381
Cu13,3.9299999999999997,0.008695380952380953
Cu13,3.9899999999999998,0.00886595238095238
Cu13,4.05,0.009027571428571428
Cu13,4.109999999999999,0.009212714285714286
Cu13,4.17,0.009393904761904761
Cu13,4.23,0.009571761904761904
Cu13,4.29,0.009751857142857144
Cu13,4.35,0.00992195238095238
Cu13,4.41,0.010094
Cu13,4.47,0.010225285714285715
Cu13,4.529999999999999,0.01038152380952381
Cu13,4.59,0.01052552380952381
Cu13,4.65,0.010677952380952382
Cu13,4.71,0.010814333333333334
Cu13,4.77,0.010943904761904762
Cu13,4.83,0.011043619047619047
Cu13,4.89,0.011158761904761904
Cu13,4.949999999999999,0.011269857142857142
Cu13,5.01,0.01136047619047619
Cu13,5.07,0.011442095238095237
Cu13,5.13,0.011534904761904762
Cu13,5.1899999999999995,0.011578809523809524
Cu13,5.25,0.011652238095238096
Cu13,5.31,0.01168952380952381
Cu13,5.369999999999999,0.011738047619047618
Cu13,5.43,0.011769047619047618
Cu13,5.49,0.011762
Cu13,5.55,0.011750952380952381
Cu13,5.609999999999999,0.011721
Cu13,5.67,0.011708333333333333
Cu13,5.73,0.011661380952380953
Cu13,5.789999999999999,0.011597714285714286
Cu13,5.85,0.011514428571428571
Cu13,5.91,0.011450619047619048
Cu13,5.97,0.011349714285714286
Cu13,6.029999999999999,0.01126152380952381
Cu13,6.09,0.011148476190476191
Cu13,6.15,0.011025571428571428
Cu13,6.21,0.010888761904761905
Cu13,6.27,0.010714714285714286
Cu13,6.33,0.010552
Cu13,6.39,0.010376714285714286
Cu13,6.449999999999999,0.010184190476190477
Cu13,6.51,0.009983809523809523
Cu13,6.57,0.009782619047619047
Cu13,6.63,0.009583809523809524
Cu13,6.6899999999999995,0.009351714285714286
Cu13,6.75,0.009116666666666667
Cu13,6.81,0.008899238095238095
Cu13,6.869999999999999,0.008641761904761906
Cu13,6.93,0.00841404761904762
Cu13,6.99,0.008105
Cu13,7.05,0.007857809523809524
Cu13,7.109999999999999,0.007595904761904762
Cu13,7.17,0.007298714285714286
Cu13,7.2299999999999995,0.007046761904761905
Cu13,7.289999999999999,0.006795047619047619
Cu13,7.35,0.006505190476190476
Cu13,7.41,0.006243857142857143
Cu13,7.47,0.005976
Cu13,7.529999999999999,0.005703809523809524
Cu13,7.59,0.005458952380952381
Cu13,7.65,0.005186666666666667
Cu13,7.709999999999999,0.004929619047619047
Cu13,7.77,0.004700571428571429
Cu13,7.83,0.004436571428571429
Cu13,7.89,0.004213
Cu13,7.949999999999999,0.003982333333333333
Cu13,8.01,0.003757619047619048
Cu13,8.07,0.003516047619047619
Cu13,8.129999999999999,0.003304
Cu13,8.19,0.0030813333333333335
Cu13,8.25,0.0028862857142857145
Cu13,8.309999999999999,0.0026813333333333333
Cu13,8.370000000000001,0.0025103809523809523
Cu13,8.43,0.0023247619047619046
Cu13,8.489999999999998,0.002167761904761905
Cu13,8.55,0.0019994285714285713
Cu13,8.61,0.001845047619047619
Cu13,8.67,0.0016950952380952382
Cu13,8.73,0.0015595238095238095
Cu13,8.79,0.001431952380952381
Cu13,8.85,0.0013028095238095238
Cu13,8.91,0.0011967619047619047
Cu13,8.969999999999999,0.0010815714285714285
Cu13,9.030000000000001,0.0009899523809523809
Cu13,9.09,0.0009005714285714285
Cu13,9.149999999999999,0.0008168571428571428
Cu13,9.21,0.0007364761904761905
Cu13,9.27,0.0006621904761904762
Cu13,9.329999999999998,0.0005939047619047619
Cu13,9.39,0.0005327619047619048
Cu13,9.45,0.00048261904761904764
Cu13,9.51,0.0004347142857142857
Cu13,9.57,0.00038223809523809526
Cu13,9.629999999999999,0.0003436190476190476
Cu13,9.69,0.0003107142857142857
Cu13,9.75,0.00027023809523809525
Cu13,9.809999999999999,0.00023976190476190476
Cu13,9.870000000000001,0.0002136190476190476
Cu13,9.93,0.000185
Cu13,9.989999999999998,0.00016452380952380953
Cu13,10.05,0.0001453809523809524
Cu13,10.11,0.00012747619047619047
Cu13,10.169999999999998,0.00010519047619047618
Cu13,10.23,9.266666666666666e-05
Cu13,10.29,8.076190476190477e-05
Cu13,10.35,7.028571428571428e-05
Cu13,10.41,5.847619047619048e-05
Cu13,10.469999999999999,5.1142857142857145e-05
Cu13,10.53,4.438095238095238e-05
Cu13,10.59,3.7523809523809524e-05
Cu13,10.649999999999999,3.10952380952381e-05
Cu13,10.71,2.5095238095238095e-05
Cu13,10.77,2.1857142857142857e-05
Cu13,10.829999999999998,1.7714285714285713e-05
Cu13,10.89,1.4476190476190476e-05
Cu13,10.95,1.180952380952381e-05
Cu13,11.01,9.857142857142857e-06
Cu13,11.07,8.714285714285715e-06
Cu13,11.129999999999999,7.80952380952381e-06
Cu13,11.19,5.857142857142857e-06
Cu13,11.25,4.809523809523809e-06
Cu13,11.309999999999999,4.333333333333333e-06
Cu13,11.370000000000001,3.6666666666666666e-06
Cu13,11.43,3.3333333333333333e-06
Cu13,11.489999999999998,2.523809523809524e-06
Cu13,11.55,2.095238095238095e-06
Cu13,11.61,1.3333333333333334e-06
Cu13,11.669999999999998,1.0476190476190476e-06
Cu13,11.73,8.571428571428571e-07
Cu13,11.79,8.095238095238095e-07
Cu13,11.85,6.666666666666667e-07
Cu13,11.91,3.3333333333333335e-07
Cu13,11.969999999999999,2.857142857142857e-07
Cu13,12.03,2.857142857142857e-07
Cu13,12.09,2.857142857142857e-07
Cu13,12.149999999999999,2.857142857142857e-07
Cu13,12.21,1.9047619047619048e-07
Cu13,12.27,1.9047619047619048e-07
Cu13,12.329999999999998,1.4285714285714285e-07
Cu13,12.39,9.523809523809524e-08
Cu13,12.45,1.4285714285714285e-07
Cu13,12.51,9.523809523809524e-08
Cu13,12.57,9.523809523809524e-08
Cu13,12.629999999999999,9.523809523809524e-08
Al_degrader_E10,0.03,0.47710431372549017
Al_degrader_E10,0.09,0.002794980392156863
Al_degrader_E10,0.15,0.0029958823529411763
Al_degrader_E10,0.21,0.0026354901960784316
Al_degrader_E10,0.27,0.0014109411764705883
Al_degrader_E10,0.32999999999999996,0.0018263137254901961
Al_degrader_E10,0.39,0.0019523333333333333
Al_degrader_E10,0.44999999999999996,0.0020881764705882352
Al_degrader_E10,0.51,0.0022174117647058822
Al_degrader_E10,0.5700000000000001,0.0023298823529411764
Al_degrader_E10,0.6299999999999999,0.0024647058823529413
Al_degrader_E10,0.69,0.0022797254901960784
Al_degrader_E10,0.75,0.002689549019607843
Al_degrader_E10,0.81,0.0028167450980392155
Al_degrader_E10,0.8699999999999999,0.0029364705882352943
Al_degrader_E10,0.9299999999999999,0.003053764705882353
Al_degrader_E10,0.99,0.003020411764705882
Al_degrader_E10,1.05,0.0032664313725490196
Al_degrader_E10,1.1099999999999999,0.0034008823529411763
Al_degrader_E10,1.17,0.0035033137254901962
Al_degrader_E10,1.23,0.0036109607843137254
Al_degrader_E10,1.29,0.003713078431372549
Al_degrader_E10,1.3499999999999999,0.003835058823529412
Al_degrader_E10,1.41,0.0039278039215686275
Al_degrader_E10,1.47,0.004038372549019608
Al_degrader_E10,1.53,0.004123705882352941
Al_degrader_E10,1.5899999999999999,0.00423556862745098
Al_degrader_E10,1.65,0.004340490196078431
Al_degrader_E10,1.71,0.004416490196078432
Al_degrader_E10,1.77,0.0045259411764705885
Al_degrader_E10,1.8299999999999998,0.0046181568627450984
Al_degrader_E10,1.89,0.004688078431372549
Al_degrader_E10,1.95,0.004801137254901961
Al_degrader_E10,2.01,0.00488156862745098
Al_degrader_E10,2.0700000000000003,0.004948529411764706
Al_degrader_E10,2.13,0.005050470588235294
Al_degrader_E10,2.19,0.005122843137254902
Al_degrader_E10,2.25,0.005193745098039216
Al_degrader_E10,2.3099999999999996,0.005280705882352941
Al_degrader_E10,2.37,0.005349588235294117
Al_degrader_E10,2.4299999999999997,0.0054094313725490195
Al_degrader_E10,2.49,0.005488862745098039
Al_degrader_E10,2.55,0.005543254901960784
Al_degrader_E10,2.61,0.005621039215686275
Al_degrader_E10,2.67,0.005670176470588235
Al_degrader_E10,2.7299999999999995,0.005727568627450981
Al_degrader_E10,2.79,0.00578
Al_degrader_E10,2.8499999999999996,0.005822411764705882
Al_degrader_E10,2.91,0.005884450980392157
Al_degrader_E10,2.9699999999999998,0.005917784313725491
Al_degrader_E10,3.0300000000000002,0.0059610196078431375
Al_degrader_E10,3.09,0.005991529411764706
Al_degrader_E10,3.15,0.00603821568627451
Al_degrader_E10,3.21,0.006052450980392157
Al_degrader_E10,3.2699999999999996,0.006082078431372549
Al_degrader_E10,3.33,0.0061162549019607845
Al_degrader_E10,3.3899999999999997,0.006116470588235294
Al_degrader_E10,3.45,0.0061440196078431375
Al_degrader_E10,3.51,0.006141607843137255
Al_degrader_E10,3.57,0.006158019607843138
Al_degrader_E10,3.63,0.006150509803921568
Al_degrader_E10,3.6899999999999995,0.006152039215686274
Al_degrader_E10,3.75,0.006151274509803921
Al_degrader_E10,3.8099999999999996,0.006130254901960785
Al_degrader_E10,3.87,0.006124117647058823
Al_degrader_E10,3.9299999999999997,0.006099039215686275
Al_degrader_E10,3.9899999999999998,0.006082725490196079
Al_degrader_E10,4.05,0.0060471764705882355
Al_degrader_E10,4.109999999999999,0.00602664705882353
Al_degrader_E10,4.17,0.005985745098039215
Al_degrader_E10,4.23,0.005941117647058823
Al_degrader_E10,4.29,0.00590578431372549
Al_degrader_E10,4.35,0.005849117647058823
Al_degrader_E10,4.41,0.005799529411764706
Al_degrader_E10,4.47,0.005746352941176471
Al_degrader_E10,4.529999999999999,0.005673450980392157
Al_degrader_E10,4.59,0.005626901960784313
Al_degrader_E10,4.65,0.0055481372549019605
Al_degrader_E10,4.71,0.005479549019607843
Al_degrader_E10,4.77,0.005401843137254902
Al_degrader_E10,4.83,0.005317803921568627
Al_degrader_E10,4.89,0.0052379411764705884
Al_degrader_E10,4.949999999999999,0.005159019607843137
Al_degrader_E10,5.01,0.005059
Al_degrader_E10,5.07,0.0049697254901960785
Al_degrader_E10,5.13,0.004880333333333334
Al_degrader_E10,5.1899999999999995,0.004773313725490196
Al_degrader_E10,5.25,0.0046733529411764705
Al_degrader_E10,5.31,0.004568901960784313
Al_degrader_E10,5.369999999999999,0.004461254901960784
Al_degrader_E10,5.43,0.004360686274509804
Al_degrader_E10,5.49,0.004245647058823529
Al_degrader_E10,5.55,0.0041339411764705885
Al_degrader_E10,5.609999999999999,0.004030764705882353
Al_degrader_E10,5.67,0.0039089607843137255
Al_degrader_E10,5.73,0.0038036666666666666
Al_degrader_E10,5.789999999999999,0.003686980392156863
Al_degrader_E10,5.85,0.003578372549019608
Al_degrader_E10,5.91,0.0034572352941176472
Al_degrader_E10,5.97,0.0033435882352941177
Al_degrader_E10,6.029999999999999,0.003219470588235294
Al_degrader_E10,6.09,0.0031169411764705884
Al_degrader_E10,6.15,0.0029923725490196076
Al_degrader_E10,6.21,0.0028729803921568628
Al_degrader_E10,6.27,0.0027616274509803924
Al_degrader_E10,6.33,0.0026507058823529413
Al_degrader_E10,6.39,0.002536607843137255
Al_degrader_E10,6.449999999999999,0.002423
Al_degrader_E10,6.51,0.002325372549019608
Al_degrader_E10,6.57,0.0022145686274509806
Al_degrader_E10,6.63,0.002111901960784314
Al_degrader_E10,6.6899999999999995,0.002003392156862745
Al_degrader_E10,6.75,0.0019067450980392157
Al_degrader_E10,6.81,0.0018155098039215687
Al_degrader_E10,6.869999999999999,0.0017208823529411765
Al_degrader_E10,6.93,0.0016258235294117646
Al_degrader_E10,6.99,0.0015362745098039215
Al_degrader_E10,7.05,0.001450549019607843
Al_degrader_E10,7.109999999999999,0.0013709215686274509
Al_degrader_E10,7.17,0.0012864313725490196
Al_degrader_E10,7.2299999999999995,0.0012106470588235294
Al_degrader_E10,7.289999999999999,0.001131549019607843
Al_degrader_E10,7.35,0.0010575294117647059
Al_degrader_E10,7.41,0.0009884117647058824
Al_degrader_E10,7.47,0.0009218823529411765
Al_degrader_E10,7.529999999999999,0.0008595882352941176
Al_degrader_E10,7.59,0.0007999019607843138
Al_degrader_E10,7.65,0.0007410392156862745
Al_degrader_E10,7.709999999999999,0.0006892941176470588
Al_degrader_E10,7.77,0.0006369607843137255
Al_degrader_E10,7.83,0.0005858235294117647
Al_degrader_E10,7.89,0.0005417058823529412
Al_degrader_E10,7.949999999999999,0.000496235294117647
Al_degrader_E10,8.01,0.00045588235294117646
Al_degrader_E10,8.07,0.00041849019607843136
Al_degrader_E10,8.129999999999999,0.0003817254901960784
Al_degrader_E10,8.19,0.0003500980392156863
Al_degrader_E10,8.25,0.00031845098039215685
Al_degrader_E10,8.309999999999999,0.0002902549019607843
Al_degrader_E10,8.370000000000001,0.0002642941176470588
Al_degrader_E10,8.43,0.000238921568627451
Al_degrader_E10,8.489999999999998,0.00021662745098039216
Al_degrader_E10,8.55,0.0001944705882352941
Al_degrader_E10,8.61,0.00017480392156862744
Al_degrader_E10,8.67,0.000158
Al_degrader_E10,8.73,0.00014184313725490197
Al_degrader_E10,8.79,0.00012705882352941175
Al_degrader_E10,8.85,0.00011317647058823529
Al_degrader_E10,8.91,0.00010192156862745098
Al_degrader_E10,8.969999999999999,9.143137254901961e-05
Al_degrader_E10,9.030000000000001,8.092156862745099e-05
Al_degrader_E10,9.09,7.109803921568627e-05
Al_degrader_E10,9.149999999999999,6.394117647058824e-05
Al_degrader_E10,9.21,5.582352941176471e-05
Al_degrader_E10,9.27,4.929411764705882e-05
Al_degrader_E10,9.329999999999998,4.341176470588235e-05
Al_degrader_E10,9.39,3.794117647058823e-05
Al_degrader_E10,9.45,3.301960784313726e-05
Al_degrader_E10,9.51,2.8e-05
Al_degrader_E10,9.57,2.419607843137255e-05
Al_degrader_E10,9.629999999999999,2.1215686274509805e-05
Al_degrader_E10,9.69,1.8725490196078432e-05
Al_degrader_E10,9.75,1.611764705882353e-05
Al_degrader_E10,9.809999999999999,1.392156862745098e-05
Al_degrader_E10,9.870000000000001,1.180392156862745e-05
Al_degrader_E10,9.93,1.0352941176470588e-05
Al_degrader_E10,9.989999999999998,8.431372549019608e-06
Al_degrader_E10,10.05,6.862745098039215e-06
Al_degrader_E10,10.11,5.980392156862745e-06
Al_degrader_E10,10.169999999999998,5.07843137254902e-06
Al_degrader_E10,10.23,4.137254901960784e-06
Al_degrader_E10,10.29,3.5490196078431373e-06
Al_degrader_E10,10.35,2.823529411764706e-06
Al_degrader_E10,10.41,2.411764705882353e-06
Al_degrader_E10,10.469999999999999,2.176470588235294e-06
Al_degrader_E10,10.53,1.7254901960784313e-06
Al_degrader_E10,10.59,1.3333333333333334e-06
Al_degrader_E10,10.649999999999999,1.196078431372549e-06
Al_degrader_E10,10.71,1.215686274509804e-06
Al_degrader_E10,10.77,9.411764705882353e-07
Al_degrader_E10,10.829999999999998,7.647058823529412e-07
Al_degrader_E10,10.89,6.470588235294117e-07
Al_degrader_E10,10.95,4.313725490196078e-07
Al_degrader_E10,11.01,3.3333333333333335e-07
Al_degrader_E10,11.07,3.3333333333333335e-07
Al_degrader_E10,11.129999999999999,1.96078431372549e-07
Al_degrader_E10,11.19,2.156862745098039e-07
Al_degrader_E10,11.25,1.5686274509803921e-07
Al_degrader_E10,11.309999999999999,1.1764705882352942e-07
Al_degrader_E10,11.370000000000001,9.80392156862745e-08
Al_degrader_E10,11.43,7.843137254901961e-08
Al_degrader_E10,11.489999999999998,5.882352941176471e-08
Al_degrader_E10,11.55,5.882352941176471e-08
Al_degrader_E10,11.61,7.843137254901961e-08
Al_degrader_E10,11.669999999999998,3.9215686274509804e-08
Al_degrader_E10,11.73,3.9215686274509804e-08
Al_degrader_E10,11.79,1.9607843137254902e-08
Al_degrader_E10,11.85,3.9215686274509804e-08
Al_degrader_E10,11.91,1.9607843137254902e-08
Al_degrader_E10,11.969999999999999,1.9607843137254902e-08
Al_degrader_E10,12.03,3.9215686274509804e-08
Ni14,0.03,0.9014785882352941
Ni14,0.09,0.0010940980392156862
Ni14,0.15,0.0008250980392156863
Ni14,0.21,0.0008585294117647059
Ni14,0.27,0.0008987058823529412
Ni14,0.32999999999999996,0.0009671568627450981
Ni14,0.39,0.0010210980392156863
Ni14,0.44999999999999996,0.001080921568627451
Ni14,0.51,0.0011219607843137255
Ni14,0.5700000000000001,0.0011815294117647058
Ni14,0.6299999999999999,0.0012173137254901962
Ni14,0.69,0.0012526470588235293
Ni14,0.75,0.0013013529411764705
Ni14,0.81,0.0013298039215686275
Ni14,0.8699999999999999,0.0013591372549019607
Ni14,0.9299999999999999,0.0013884901960784313
Ni14,0.99,0.0014203921568627452
Ni14,1.05,0.0014495686274509803
Ni14,1.1099999999999999,0.0014831176470588236
Ni14,1.17,0.0015058235294117647
Ni14,1.23,0.0015239607843137255
Ni14,1.29,0.0015428823529411765
Ni14,1.3499999999999999,0.0015612745098039216
Ni14,1.41,0.0015752745098039215
Ni14,1.47,0.0015884901960784314
Ni14,1.53,0.0016025490196078431
Ni14,1.5899999999999999,0.0016052745098039216
Ni14,1.65,0.001613078431372549
Ni14,1.71,0.001616470588235294
Ni14,1.77,0.0016183725490196079
Ni14,1.8299999999999998,0.0016231176470588235
Ni14,1.89,0.0016183333333333334
Ni14,1.95,0.0016119019607843137
Ni14,2.01,0.001607627450980392
Ni14,2.0700000000000003,0.0016102745098039216
Ni14,2.13,0.001591921568627451
Ni14,2.19,0.0015852941176470589
Ni14,2.25,0.0015744705882352941
Ni14,2.3099999999999996,0.001554235294117647
Ni14,2.37,0.0015454705882352942
Ni14,2.4299999999999997,0.0015157843137254903
Ni14,2.49,0.0015067450980392157
Ni14,2.55,0.0014763529411764705
Ni14,2.61,0.0014629607843137254
Ni14,2.67,0.0014296470588235294
Ni14,2.7299999999999995,0.001411078431372549
Ni14,2.79,0.0013821960784313725
Ni14,2.8499999999999996,0.0013548235294117647
Ni14,2.91,0.001331
Ni14,2.9699999999999998,0.001295392156862745
Ni14,3.0300000000000002,0.001273078431372549
Ni14,3.09,0.0012439411764705883
Ni14,3.15,0.0012151960784313725
Ni14,3.21,0.0011804313725490196
Ni14,3.2699999999999996,0.0011570980392156863
Ni14,3.33,0.001122078431372549
Ni14,3.3899999999999997,0.0010888823529411765
Ni14,3.45,0.0010583529411764706
Ni14,3.51,0.0010233333333333333
Ni14,3.57,0.000989843137254902
Ni14,3.63,0.0009587843137254902
Ni14,3.6899999999999995,0.0009214901960784313
Ni14,3.75,0.0008935490196078431
Ni14,3.8099999999999996,0.0008587254901960785
Ni14,3.87,0.000825686274509804
Ni14,3.9299999999999997,0.0007935490196078432
Ni14,3.9899999999999998,0.0007604705882352941
Ni14,4.05,0.0007274117647058823
Ni14,4.109999999999999,0.0006977450980392157
Ni14,4.17,0.0006655294117647059
Ni14,4.23,0.0006373921568627451
Ni14,4.29,0.0006095098039215686
Ni14,4.35,0.0005798627450980393
Ni14,4.41,0.0005527843137254902
Ni14,4.47,0.0005266862745098039
Ni14,4.529999999999999,0.0005014901960784313
Ni14,4.59,0.0004742156862745098
Ni14,4.65,0.00044819607843137255
Ni14,4.71,0.000423078431372549
Ni14,4.77,0.00039990196078431374
Ni14,4.83,0.00037645098039215685
Ni14,4.89,0.0003549803921568627
Ni14,4.949999999999999,0.000333078431372549
Ni14,5.01,0.00031633333333333334
Ni14,5.07,0.00029809803921568626
Ni14,5.13,0.00027880392156862745
Ni14,5.1899999999999995,0.00026068627450980393
Ni14,5.25,0.0002416470588235294
Ni14,5.31,0.00022750980392156862
Ni14,5.369999999999999,0.0002113921568627451
Ni14,5.43,0.00020027450980392156
Ni14,5.49,0.00018454901960784312
Ni14,5.55,0.00017237254901960783
Ni14,5.609999999999999,0.00015703921568627452
Ni14,5.67,0.0001467843137254902
Ni14,5.73,0.00013513725490196078
Ni14,5.789999999999999,0.00012574509803921569
Ni14,5.85,0.00011603921568627451
Ni14,5.91,0.00010674509803921568
Ni14,5.97,9.870588235294117e-05
Ni14,6.029999999999999,8.968627450980392e-05
Ni14,6.09,8.11764705882353e-05
Ni14,6.15,7.433333333333333e-05
Ni14,6.21,6.676470588235294e-05
Ni14,6.27,6.050980392156863e-05
Ni14,6.33,5.4411764705882355e-05
Ni14,6.39,4.964705882352941e-05
Ni14,6.449999999999999,4.511764705882353e-05
Ni14,6.51,4.058823529411765e-05
Ni14,6.57,3.684313725490196e-05
Ni14,6.63,3.376470588235294e-05
Ni14,6.6899999999999995,2.9745098039215686e-05
Ni14,6.75,2.6529411764705882e-05
Ni14,6.81,2.36078431372549e-05
Ni14,6.869999999999999,2.068627450980392e-05
Ni14,6.93,1.7568627450980392e-05
Ni14,6.99,1.580392156862745e-05
Ni14,7.05,1.3882352941176471e-05
Ni14,7.109999999999999,1.2411764705882352e-05
Ni14,7.17,1.092156862745098e-05
Ni14,7.2299999999999995,9.431372549019608e-06
Ni14,7.289999999999999,8.058823529411765e-06
Ni14,7.35,7.03921568627451e-06
Ni14,7.41,6.117647058823529e-06
Ni14,7.47,5.686274509803921e-06
Ni14,7.529999999999999,5.274509803921569e-06
Ni14,7.59,4.4117647058823526e-06
Ni14,7.65,3.803921568627451e-06
Ni14,7.709999999999999,3.2941176470588236e-06
Ni14,7.77,2.8431372549019607e-06
Ni14,7.83,2.6862745098039217e-06
Ni14,7.89,2.411764705882353e-06
Ni14,7.949999999999999,2.215686274509804e-06
Ni14,8.01,1.803921568627451e-06
Ni14,8.07,1.5098039215686275e-06
Ni14,8.129999999999999,1.1372549019607843e-06
Ni14,8.19,7.647058823529412e-07
Ni14,8.25,7.450980392156863e-07
Ni14,8.309999999999999,6.274509803921569e-07
Ni14,8.370000000000001,5.88235294117647e-07
Ni14,8.43,5.686274509803921e-07
Ni14,8.489999999999998,3.7254901960784315e-07
Ni14,8.55,2.156862745098039e-07
Ni14,8.61,2.156862745098039e-07
Ni14,8.67,2.3529411764705883e-07
Ni14,8.73,2.7450980392156863e-07
Ni14,8.79,1.764705882352941e-07
Ni14,8.85,2.156862745098039e-07
Ni14,8.91,1.3725490196078432e-07
Ni14,8.969999999999999,1.3725490196078432e-07
Ni14,9.030000000000001,1.5686274509803921e-07
Ni14,9.09,1.1764705882352942e-07
Ni14,9.149999999999999,7.843137254901961e-08
Ni14,9.21,7.843137254901961e-08
Ni14,9.27,5.882352941176471e-08
Ni14,9.329999999999998,7.843137254901961e-08
Ni14,9.39,7.843137254901961e-08
Ni14,9.45,5.882352941176471e-08
Ni14,9.51,3.9215686274509804e-08
Sn14,0.03,0.9512242941176471
Sn14,0.09,0.00042713725490196077
Sn14,0.15,0.0004238627450980392
Sn14,0.21,0.0004645686274509804
Sn14,0.27,0.0005139411764705882
Sn14,0.32999999999999996,0.0005582745098039216
Sn14,0.39,0.0006001764705882353
Sn14,0.44999999999999996,0.0006356862745098039
Sn14,0.51,0.0006698235294117647
Sn14,0.5700000000000001,0.0006984509803921569
Sn14,0.6299999999999999,0.000723921568627451
Sn14,0.69,0.0007484901960784314
Sn14,0.75,0.0007684313725490196
Sn14,0.81,0.0007894509803921569
Sn14,0.8699999999999999,0.0007999019607843138
Sn14,0.9299999999999999,0.0008127843137254902
Sn14,0.99,0.0008323921568627451
Sn14,1.05,0.0008570784313725491
Sn14,1.1099999999999999,0.0008667647058823529
Sn14,1.17,0.0008719019607843138
Sn14,1.23,0.0008799607843137255
Sn14,1.29,0.0008857254901960785
Sn14,1.3499999999999999,0.0008929607843137254
Sn14,1.41,0.0008955882352941176
Sn14,1.47,0.0008946862745098039
Sn14,1.53,0.0008937058823529412
Sn14,1.5899999999999999,0.0008917254901960784
Sn14,1.65,0.0008873725490196079
Sn14,1.71,0.0008823529411764706
Sn14,1.77,0.0008819411764705883
Sn14,1.8299999999999998,0.000876921568627451
Sn14,1.89,0.0008644705882352941
Sn14,1.95,0.0008561764705882353
Sn14,2.01,0.0008465882352941176
Sn14,2.0700000000000003,0.0008332941176470588
Sn14,2.13,0.0008216078431372549
Sn14,2.19,0.0008145686274509804
Sn14,2.25,0.0007993137254901961
Sn14,2.3099999999999996,0.0007836666666666667
Sn14,2.37,0.0007675294117647059
Sn14,2.4299999999999997,0.0007528823529411765
Sn14,2.49,0.0007337450980392157
Sn14,2.55,0.0007156666666666666
Sn14,2.61,0.0007059803921568628
Sn14,2.67,0.0006850196078431373
Sn14,2.7299999999999995,0.0006725882352941176
Sn14,2.79,0.0006539803921568627
Sn14,2.8499999999999996,0.0006393333333333333
Sn14,2.91,0.0006268823529411764
Sn14,2.9699999999999998,0.0006141176470588235
Sn14,3.0300000000000002,0.0005970196078431372
Sn14,3.09,0.0005770588235294117
Sn14,3.15,0.0005494313725490196
Sn14,3.21,0.0005283529411764706
Sn14,3.2699999999999996,0.0005083725490196079
Sn14,3.33,0.00048680392156862746
Sn14,3.3899999999999997,0.0004694313725490196
Sn14,3.45,0.00044976470588235296
Sn14,3.51,0.00043137254901960784
Sn14,3.57,0.00041931372549019606
Sn14,3.63,0.00039872549019607845
Sn14,3.6899999999999995,0.0003794313725490196
Sn14,3.75,0.00035858823529411765
Sn14,3.8099999999999996,0.0003397058823529412
Sn14,3.87,0.00032415686274509805
Sn14,3.9299999999999997,0.0003085686274509804
Sn14,3.9899999999999998,0.0003002549019607843
Sn14,4.05,0.00029062745098039214
Sn14,4.109999999999999,0.00027584313725490195
Sn14,4.17,0.0002637058823529412
Sn14,4.23,0.00024854901960784316
Sn14,4.29,0.0002316470588235294
Sn14,4.35,0.0002148235294117647
Sn14,4.41,0.00020223529411764706
Sn14,4.47,0.00019509803921568628
Sn14,4.529999999999999,0.00018298039215686274
Sn14,4.59,0.00017358823529411765
Sn14,4.65,0.00016662745098039217
Sn14,4.71,0.0001604313725490196
Sn14,4.77,0.00015049019607843138
Sn14,4.83,0.0001392156862745098
Sn14,4.89,0.00012801960784313726
Sn14,4.949999999999999,0.00011662745098039216
Sn14,5.01,0.00010456862745098039
Sn14,5.07,9.284313725490196e-05
Sn14,5.13,8.588235294117648e-05
Sn14,5.1899999999999995,7.911764705882354e-05
Sn14,5.25,7.488235294117647e-05
Sn14,5.31,6.976470588235294e-05
Sn14,5.369999999999999,6.590196078431373e-05
Sn14,5.43,5.9176470588235294e-05
Sn14,5.49,5.7098039215686275e-05
Sn14,5.55,5.245098039215686e-05
Sn14,5.609999999999999,4.950980392156863e-05
Sn14,5.67,4.390196078431373e-05
Sn14,5.73,4.150980392156863e-05
Sn14,5.789999999999999,3.5647058823529414e-05
Sn14,5.85,3.1901960784313726e-05
Sn14,5.91,2.8588235294117647e-05
Sn14,5.97,2.8058823529411766e-05
Sn14,6.029999999999999,2.4411764705882354e-05
Sn14,6.09,2.16078431372549e-05
Sn14,6.15,1.7568627450980392e-05
Sn14,6.21,1.3411764705882353e-05
Sn14,6.27,1.1137254901960784e-05
Sn14,6.33,1.0901960784313726e-05
Sn14,6.39,1.0509803921568627e-05
Sn14,6.449999999999999,1.0764705882352941e-05
Sn14,6.51,1.0372549019607844e-05
Sn14,6.57,7.470588235294118e-06
Sn14,6.63,5.764705882352941e-06
Sn14,6.6899999999999995,4.823529411764706e-06
Sn14,6.75,4.058823529411765e-06
Sn14,6.81,4.431372549019608e-06
Sn14,6.869999999999999,4.745098039215687e-06
Sn14,6.93,4.941176470588235e-06
Sn14,6.99,4.96078431372549e-06
Sn14,7.05,4.352941176470588e-06
Sn14,7.109999999999999,3.7058823529411763e-06
Sn14,7.17,2.3137254901960783e-06
Sn14,7.2299999999999995,1.4313725490196078e-06
Sn14,7.289999999999999,1.0784313725490197e-06
Sn14,7.35,1.2745098039215686e-06
Sn14,7.41,1.5294117647058823e-06
Sn14,7.47,1.3333333333333334e-06
Sn14,7.529999999999999,1.176470588235294e-06
Sn14,7.59,5.88235294117647e-07
Sn14,7.65,2.7450980392156863e-07
Sn14,7.709999999999999,2.549019607843137e-07
Sn14,7.77,4.5098039215686274e-07
Sn14,7.83,4.5098039215686274e-07
Sn14,7.89,2.549019607843137e-07
Sn14,7.949999999999999,2.7450980392156863e-07
Sn14,8.01,9.80392156862745e-08
Sn14,8.07,2.549019607843137e-07
Sn14,8.129999999999999,2.7450980392156863e-07
Sn14,8.19,2.549019607843137e-07
Sn14,8.25,1.3725490196078432e-07
Sn14,8.309999999999999,0.0
Sn14,8.370000000000001,0.0
Sn14,8.43,3.9215686274509804e-08
Sn14,8.489999999999998,2.7450980392156863e-07
Sn14,8.55,2.7450980392156863e-07
Sn14,8.61,2.7450980392156863e-07
Sn14,8.67,1.3725490196078432e-07
Ta14,0.03,0.9706396862745098
Ta14,0.09,0.0004049019607843137
Ta14,0.15,0.0003547843137254902
Ta14,0.21,0.0003646470588235294
Ta14,0.27,0.00038401960784313724
Ta14,0.32999999999999996,0.00041054901960784314
Ta14,0.39,0.0004347450980392157
Ta14,0.44999999999999996,0.00045541176470588235
Ta14,0.51,0.0004760392156862745
Ta14,0.5700000000000001,0.0004930196078431373
Ta14,0.6299999999999999,0.0005088627450980393
Ta14,0.69,0.0005202745098039216
Ta14,0.75,0.0005315098039215686
Ta14,0.81,0.0005465686274509804
Ta14,0.8699999999999999,0.0005481176470588235
Ta14,0.9299999999999999,0.0005545490196078431
Ta14,0.99,0.0005636666666666666
Ta14,1.05,0.0005614901960784314
Ta14,1.1099999999999999,0.0005655686274509804
Ta14,1.17,0.0005683529411764706
Ta14,1.23,0.0005686666666666666
Ta14,1.29,0.0005674313725490196
Ta14,1.3499999999999999,0.0005671372549019608
Ta14,1.41,0.0005653333333333334
Ta14,1.47,0.0005614509803921569
Ta14,1.53,0.0005595882352941176
Ta14,1.5899999999999999,0.0005541764705882353
Ta14,1.65,0.000549235294117647
Ta14,1.71,0.0005444901960784314
Ta14,1.77,0.0005347843137254902
Ta14,1.8299999999999998,0.0005281960784313726
Ta14,1.89,0.0005214901960784314
Ta14,1.95,0.0005126470588235295
Ta14,2.01,0.0005032745098039216
Ta14,2.0700000000000003,0.0004962549019607843
Ta14,2.13,0.00048786274509803924
Ta14,2.19,0.00047696078431372547
Ta14,2.25,0.00046594117647058824
Ta14,2.3099999999999996,0.00045517647058823527
Ta14,2.37,0.00044594117647058824
Ta14,2.4299999999999997,0.0004320392156862745
Ta14,2.49,0.0004223333333333333
Ta14,2.55,0.0004116470588235294
Ta14,2.61,0.00039862745098039217
Ta14,2.67,0.0003875294117647059
Ta14,2.7299999999999995,0.00037398039215686275
Ta14,2.79,0.00036462745098039215
Ta14,2.8499999999999996,0.00035054901960784315
Ta14,2.91,0.00033872549019607845
Ta14,2.9699999999999998,0.000326921568627451
Ta14,3.0300000000000002,0.00031201960784313723
Ta14,3.09,0.00030233333333333333
Ta14,3.15,0.00028935294117647057
Ta14,3.21,0.0002793529411764706
Ta14,3.2699999999999996,0.00026888235294117647
Ta14,3.33,0.0002579411764705882
Ta14,3.3899999999999997,0.00024674509803921567
Ta14,3.45,0.00023558823529411764
Ta14,3.51,0.00022519607843137255
Ta14,3.57,0.00021376470588235294
Ta14,3.63,0.00020627450980392157
Ta14,3.6899999999999995,0.00019870588235294118
Ta14,3.75,0.0001893921568627451
Ta14,3.8099999999999996,0.00018076470588235293
Ta14,3.87,0.0001706862745098039
Ta14,3.9299999999999997,0.00016109803921568626
Ta14,3.9899999999999998,0.0001506862745098039
Ta14,4.05,0.0001417450980392157
Ta14,4.109999999999999,0.00013431372549019608
Ta14,4.17,0.00012715686274509803
Ta14,4.23,0.0001183921568627451
Ta14,4.29,0.00011301960784313726
Ta14,4.35,0.00010566666666666667
Ta14,4.41,9.925490196078431e-05
Ta14,4.47,9.194117647058823e-05
Ta14,4.529999999999999,8.576470588235294e-05
Ta14,4.59,7.97843137254902e-05
Ta14,4.65,7.394117647058824e-05
Ta14,4.71,6.813725490196079e-05
Ta14,4.77,6.225490196078432e-05
Ta14,4.83,5.794117647058824e-05
Ta14,4.89,5.368627450980392e-05
Ta14,4.949999999999999,4.9823529411764706e-05
Ta14,5.01,4.6627450980392156e-05
Ta14,5.07,4.345098039215686e-05
Ta14,5.13,4.001960784313726e-05
Ta14,5.1899999999999995,3.686274509803922e-05
Ta14,5.25,3.325490196078431e-05
Ta14,5.31,3.0686274509803923e-05
Ta14,5.369999999999999,2.6823529411764706e-05
Ta14,5.43,2.5176470588235295e-05
Ta14,5.49,2.2784313725490198e-05
Ta14,5.55,2.0098039215686274e-05
Ta14,5.609999999999999,1.7941176470588234e-05
Ta14,5.67,1.6254901960784314e-05
Ta14,5.73,1.4372549019607843e-05
Ta14,5.789999999999999,1.2745098039215686e-05
Ta14,5.85,1.1313725490196078e-05
Ta14,5.91,9.509803921568628e-06
Ta14,5.97,8.490196078431373e-06
Ta14,6.029999999999999,7.313725490196079e-06
Ta14,6.09,6.96078431372549e-06
Ta14,6.15,6.450980392156863e-06
Ta14,6.21,6.294117647058824e-06
Ta14,6.27,5.882352941176471e-06
Ta14,6.33,4.784313725490196e-06
Ta14,6.39,4.0392156862745096e-06
Ta14,6.449999999999999,3.6470588235294117e-06
Ta14,6.51,3.0784313725490196e-06
Ta14,6.57,3.0588235294117647e-06
Ta14,6.63,2.9607843137254903e-06
Ta14,6.6899999999999995,2.7058823529411766e-06
Ta14,6.75,2.392156862745098e-06
Ta14,6.81,2.0784313725490194e-06
Ta14,6.869999999999999,1.7647058823529412e-06
Ta14,6.93,1.2352941176470588e-06
Ta14,6.99,9.607843137254902e-07
Ta14,7.05,8.627450980392156e-07
Ta14,7.109999999999999,7.254901960784313e-07
Ta14,7.17,6.470588235294117e-07
Ta14,7.2299999999999995,5.88235294117647e-07
Ta14,7.289999999999999,5.490196078431373e-07
Ta14,7.35,4.5098039215686274e-07
Ta14,7.41,2.7450980392156863e-07
Ta14,7.47,2.549019607843137e-07
Ta14,7.529999999999999,2.3529411764705883e-07
Ta14,7.59,2.3529411764705883e-07
Ta14,7.65,1.5686274509803921e-07
Ta14,7.709999999999999,1.5686274509803921e-07
Ta14,7.77,1.96078431372549e-07
Ta14,7.83,1.5686274509803921e-07
Ta14,7.89,1.764705882352941e-07
Ta14,7.949999999999999,1.5686274509803921e-07
Ta14,8.01,1.5686274509803921e-07
Ta14,8.07,9.80392156862745e-08
Ta14,8.129999999999999,7.843137254901961e-08
Ta14,8.19,7.843137254901961e-08
Ta14,8.25,9.80392156862745e-08
Ta14,8.309999999999999,7.843137254901961e-08
Ta14,8.370000000000001,9.80392156862745e-08
Ta14,8.43,7.843137254901961e-08
Cu14,0.03,0.9905144509803921
Cu14,0.09,0.00015523529411764705
Cu14,0.15,0.00013968627450980392
Cu14,0.21,0.0001489607843137255
Cu14,0.27,0.0001507843137254902
Cu14,0.32999999999999996,0.00016001960784313725
Cu14,0.39,0.00016149019607843138
Cu14,0.44999999999999996,0.00017047058823529412
Cu14,0.51,0.00017650980392156862
Cu14,0.5700000000000001,0.00017864705882352942
Cu14,0.6299999999999999,0.0001830392156862745
Cu14,0.69,0.00018592156862745098
Cu14,0.75,0.00019101960784313724
Cu14,0.81,0.0001925294117647059
Cu14,0.8699999999999999,0.00019441176470588235
Cu14,0.9299999999999999,0.00019558823529411764
Cu14,0.99,0.00019827450980392156
Cu14,1.05,0.00019994117647058823
Cu14,1.1099999999999999,0.0001997450980392157
Cu14,1.17,0.00019884313725490195
Cu14,1.23,0.00019847058823529412
Cu14,1.29,0.00019786274509803921
Cu14,1.3499999999999999,0.00019454901960784312
Cu14,1.41,0.00019327450980392158
Cu14,1.47,0.0001925686274509804
Cu14,1.53,0.00019033333333333334
Cu14,1.5899999999999999,0.00018770588235294118
Cu14,1.65,0.0001828235294117647
Cu14,1.71,0.00018145098039215685
Cu14,1.77,0.0001796078431372549
Cu14,1.8299999999999998,0.00017462745098039214
Cu14,1.89,0.00017350980392156863
Cu14,1.95,0.00016962745098039216
Cu14,2.01,0.00016541176470588235
Cu14,2.0700000000000003,0.0001626470588235294
Cu14,2.13,0.0001565294117647059
Cu14,2.19,0.0001534705882352941
Cu14,2.25,0.00014835294117647059
Cu14,2.3099999999999996,0.00014345098039215685
Cu14,2.37,0.00014050980392156862
Cu14,2.4299999999999997,0.0001354705882352941
Cu14,2.49,0.00013231372549019608
Cu14,2.55,0.00012856862745098038
Cu14,2.61,0.00012284313725490197
Cu14,2.67,0.00011837254901960784
Cu14,2.7299999999999995,0.00011384313725490196
Cu14,2.79,0.00010949019607843137
Cu14,2.8499999999999996,0.00010425490196078431
Cu14,2.91,9.964705882352941e-05
Cu14,2.9699999999999998,9.619607843137255e-05
Cu14,3.0300000000000002,9.184313725490196e-05
Cu14,3.09,8.72156862745098e-05
Cu14,3.15,8.343137254901961e-05
Cu14,3.21,8.037254901960785e-05
Cu14,3.2699999999999996,7.650980392156863e-05
Cu14,3.33,7.301960784313726e-05
Cu14,3.3899999999999997,6.888235294117647e-05
Cu14,3.45,6.454901960784314e-05
Cu14,3.51,6.072549019607843e-05
Cu14,3.57,5.7607843137254905e-05
Cu14,3.63,5.327450980392157e-05
Cu14,3.6899999999999995,5.0568627450980395e-05
Cu14,3.75,4.682352941176471e-05
Cu14,3.8099999999999996,4.4411764705882356e-05
Cu14,3.87,4.1019607843137255e-05
Cu14,3.9299999999999997,3.886274509803922e-05
Cu14,3.9899999999999998,3.637254901960784e-05
Cu14,4.05,3.4529411764705883e-05
Cu14,4.109999999999999,3.1666666666666666e-05
Cu14,4.17,2.8823529411764707e-05
Cu14,4.23,2.7627450980392158e-05
Cu14,4.29,2.543137254901961e-05
Cu14,4.35,2.3470588235294117e-05
Cu14,4.41,2.1901960784313724e-05
Cu14,4.47,2.0215686274509804e-05
Cu14,4.529999999999999,1.843137254901961e-05
Cu14,4.59,1.6745098039215685e-05
Cu14,4.65,1.4588235294117647e-05
Cu14,4.71,1.3274509803921568e-05
Cu14,4.77,1.2470588235294117e-05
Cu14,4.83,1.1156862745098039e-05
Cu14,4.89,1.0019607843137255e-05
Cu14,4.949999999999999,9.07843137254902e-06
Cu14,5.01,7.980392156862745e-06
Cu14,5.07,7.549019607843137e-06
Cu14,5.13,6.3921568627450984e-06
Cu14,5.1899999999999995,5.862745098039216e-06
Cu14,5.25,5.607843137254902e-06
Cu14,5.31,5.019607843137255e-06
Cu14,5.369999999999999,4.96078431372549e-06
Cu14,5.43,4.313725490196079e-06
Cu14,5.49,3.8235294117647055e-06
Cu14,5.55,3.254901960784314e-06
Cu14,5.609999999999999,2.9607843137254903e-06
Cu14,5.67,2.7058823529411766e-06
Cu14,5.73,2.568627450980392e-06
Cu14,5.789999999999999,2.352941176470588e-06
Cu14,5.85,2.1568627450980393e-06
Cu14,5.91,1.980392156862745e-06
Cu14,5.97,1.784313725490196e-06
Cu14,6.029999999999999,1.5490196078431372e-06
Cu14,6.09,1.3333333333333334e-06
Cu14,6.15,1e-06
Cu14,6.21,7.647058823529412e-07
Cu14,6.27,6.666666666666667e-07
Cu14,6.33,5.490196078431373e-07
Cu14,6.39,5.490196078431373e-07
Cu14,6.449999999999999,5.686274509803921e-07
Cu14,6.51,4.7058823529411767e-07
Cu14,6.57,4.313725490196078e-07
Cu14,6.63,2.3529411764705883e-07
Cu14,6.6899999999999995,1.764705882352941e-07
Cu14,6.75,1.96078431372549e-07
Cu14,6.81,1.96078431372549e-07
Cu14,6.869999999999999,1.96078431372549e-07
Cu14,6.93,1.96078431372549e-07
Cu14,6.99,1.764705882352941e-07
Cu14,7.05,1.5686274509803921e-07
Cu14,7.109999999999999,1.3725490196078432e-07
Cu14,7.17,1.1764705882352942e-07
Cu14,7.2299999999999995,1.3725490196078432e-07
Cu14,7.289999999999999,1.3725490196078432e-07
Cu14,7.35,5.882352941176471e-08
Cu14,7.41,7.843137254901961e-08
Cu14,7.47,5.882352941176471e-08
Cu14,7.529999999999999,7.843137254901961e-08
Cu14,7.59,5.882352941176471e-08
Cu14,7.65,7.843137254901961e-08
Cu14,7.709999999999999,5.882352941176471e-08
Cu14,7.77,3.9215686274509804e-08
